2367
2365
2380
2374
2377
2375
2367
2374
2380
2374
2371
2377
2385
2376
2372
2375
2380
2380
2374
2377
2375
2371
2377
2377
2374
2371
2374
2376
2379
2374
2375
2385
2377
2363
2369
2376
2366
2375
2381
2379
2377
2380
2369
2376
2366
2359
2374
2371
2374
2366
2371
2375
2372
2371
2382
2367
2376
2369
2372
2367
2374
2366
2371
2372
2363
2367
2374
2372
2367
2372
2367
2374
2367
2372
2377
2377
2366
2380
2374
2375
2372
2379
2380
2379
2377
2363
2374
2377
2371
2365
2376
2374
2377
2379
2369
2380
2367
2375
2363
2376
2367
2374
2364
2376
2372
2374
2375
2376
2374
2368
2378
2374
2367
2377
2366
2377
2379
2367
2369
2366
2379
2371
2371
2378
2374
2378
2367
2377
2370
2372
2370
2377
2364
2372
2374
2371
2367
2376
2363
2377
2380
2374
2369
2375
2371
2377
2375
2375
2367
2371
2372
2369
2380
2377
2376
2374
2376
2380
2371
2369
2372
2372
2374
2369
2376
2380
2377
2372
2366
2374
2376
2372
2376
2372
2366
2377
2366
2374
2366
2374
2372
2376
2359
2369
2372
2374
2374
2368
2363
2376
2363
2367
2372
2366
2372
2371
2369
2368
2363
2377
2369
2358
2371
2358
2369
2369
2363
2371
2376
2368
2374
2372
2365
2371
2372
2366
2363
2372
2372
2369
2374
2367
2376
2363
2365
2372
2369
2376
2376
2376
2371
2372
2377
2377
2367
2373
2377
2379
2376
2371
2374
2377
2374
2374
2380
2380
2375
2380
2374
2377
2371
2374
2367
2379
2377
2380
2372
2377
2386
2377
2384
2380
2371
2381
2367
2381
2381
2377
2385
2380
2380
2380
2374
2380
2392
2374
2386
2374
2385
2382
2377
2380
2371
2371
2380
2377
2377
2380
2367
2376
2371
2377
2379
2387
2371
2374
2384
2376
2384
2380
2387
2380
2375
2376
2384
2384
2375
2386
2381
2371
2371
2379
2384
2386
2384
2387
2375
2386
2386
2380
2386
2387
2379
2386
2381
2380
2385
2387
2382
2386
2385
2373
2382
2386
2374
2386
2383
2381
2380
2385
2384
2387
2380
2381
2387
2375
2385
2387
2386
2382
2381
2381
2388
2381
2380
2392
2381
2386
2387
2386
2381
2390
2381
2387
2386
2380
2381
2374
2387
2380
2374
2377
2374
2380
2374
2380
2374
2374
2380
2380
2379
2380
2374
2375
2374
2382
2379
2363
2374
2377
2372
2377
2377
2378
2381
2374
2375
2374
2376
2379
2374
2366
2370
2377
2374
2374
2365
2379
2385
2366
2365
2371
2376
2377
2367
2379
2379
2384
2375
2375
2377
2374
2380
2377
2375
2377
2375
2377
2385
2372
2380
2374
2368
2377
2386
2377
2376
2380
2374
2386
2376
2380
2371
2374
2374
2367
2384
2384
2381
2367
2380
2361
2374
2380
2374
2384
2380
2376
2380
2377
2367
2374
2367
2374
2380
2380
2377
2379
2374
2384
2374
2377
2377
2377
2384
2374
2385
2377
2375
2379
2376
2385
2380
2377
2371
2371
2375
2386
2380
2380
2385
2379
2386
2380
2381
2390
2379
2385
2374
2380
2375
2381
2385
2374
2382
2377
2385
2386
2374
2374
2380
2381
2374
2380
2376
2385
2381
2387
2387
2381
2387
2385
2381
2385
2390
2382
2388
2385
2386
2380
2386
2382
2380
2382
2382
2380
2374
2375
2386
2377
2377
2374
2381
2382
2388
2377
2386
2377
2379
2387
2386
2374
2375
2386
2377
2380
2377
2384
2377
2378
2374
2374
2381
2380
2382
2386
2386
2377
2377
2384
2385
2381
2382
2375
2377
2381
2380
2386
2387
2390
2380
2390
2387
2386
2377
2375
2380
2379
2380
2380
2377
2377
2386
2380
2377
2387
2374
2390
2375
2374
2374
2386
2382
2381
2380
2382
2380
2381
2380
2385
2388
2367
2374
2379
2377
2384
2367
2375
2384
2371
2386
2376
2377
2376
2371
2372
2369
2376
2379
2376
2380
2367
2376
2367
2375
2377
2377
2374
2376
2386
2372
2374
2385
2379
2377
2374
2380
2377
2374
2377
2385
2377
2384
2367
2374
2386
2372
2377
2374
2380
2384
2377
2381
2379
2363
2377
2385
2379
2380
2387
2386
2377
2380
2374
2375
2366
2377
2382
2374
2390
2384
2377
2381
2380
2371
2386
2379
2385
2377
2374
2377
2367
2377
2374
2363
2374
2372
2370
2369
2372
2367
2371
2367
2372
2380
2376
2368
2380
2368
2376
2377
2375
2382
2380
2386
2387
2379
2381
2381
2392
2396
2395
2400
2406
2395
2402
2395
2400
2399
2409
2399
2400
2395
2411
2411
2409
2406
2416
2409
2417
2411
2397
2413
2406
2411
2406
2406
2406
2397
2395
2406
2404
2402
2399
2382
2387
2387
2382
2383
2388
2382
2374
2377
2366
2377
2380
2376
2374
2376
2368
2361
2371
2369
2363
2361
2339
2354
2350
2342
2345
2347
2338
2342
2332
2335
2340
2326
2334
2336
2323
2318
2328
2329
2317
2318
2323
2317
2320
2310
2321
2317
2321
2324
2320
2324
2323
2317
2319
2320
2319
2323
2327
2323
2319
2329
2332
2331
2337
2332
2332
2326
2331
2332
2336
2333
2326
2329
2329
2336
2336
2338
2333
2336
2331
2326
2326
2336
2323
2333
2329
2327
2324
2329
2333
2326
2333
2326
2328
2329
2340
2326
2338
2332
2331
2333
2326
2336
2331
2340
2332
2337
2326
2339
2333
2333
2345
2339
2339
2333
2345
2342
2338
2333
2331
2331
2339
2333
2333
2340
2352
2333
2335
2333
2339
2355
2335
2346
2353
2339
2340
2345
2340
2339
2335
2340
2338
2331
2338
2346
2333
2331
2344
2340
2336
2331
2331
2340
2337
2324
2327
2340
2321
2332
2329
2326
2318
2326
2329
2315
2329
2324
2327
2323
2319
2329
2327
2331
2336
2333
2336
2329
2340
2340
2331
2331
2342
2333
2338
2339
2345
2345
2344
2340
2348
2349
2354
2355
2356
2355
2358
2360
2355
2359
2358
2359
2363
2361
2359
2358
2369
2371
2361
2368
2368
2372
2368
2372
2372
2359
2368
2365
2372
2368
2372
2363
2363
2363
2363
2361
2372
2359
2365
2364
2370
2358
2361
2358
2364
2359
2355
2349
2353
2350
2351
2342
2353
2340
2345
2352
2356
2348
2355
2349
2347
2340
2345
2342
2340
2339
2345
2344
2336
2345
2339
2333
2345
2348
2347
2345
2345
2354
2354
2345
2349
2348
2354
2354
2358
2360
2363
2361
2363
2365
2367
2368
2369
2368
2372
2372
2380
2376
2380
2374
2380
2385
2375
2377
2381
2374
2377
2386
2387
2375
2380
2386
2391
2381
2380
2374
2385
2382
2392
2386
2381
2387
2380
2390
2392
2390
2387
2386
2381
2386
2381
2390
2382
2387
2391
2387
2390
2398
2393
2396
2404
2393
2400
2395
2402
2396
2397
2395
2404
2390
2404
2404
2395
2406
2404
2400
2400
2400
2402
2400
2404
2394
2400
2387
2395
2395
2392
2390
2390
2400
2395
2395
2393
2381
2397
2393
2390
2391
2395
2390
2393
2395
2393
2387
2387
2390
2387
2384
2381
2383
2386
2385
2379
2365
2367
2365
2363
2376
2378
2368
2374
2369
2355
2363
2364
2361
2369
2353
2354
2353
2360
2355
2353
2349
2348
2342
2339
2339
2338
2333
2340
2336
2336
2331
2323
2331
2336
2321
2326
2322
2318
2310
2286
2331
2305
2307
2313
2304
2295
2295
2286
2297
2279
2271
2280
2269
2268
2276
2260
2253
2264
2262
2249
2243
2240
2244
2235
2225
2233
2214
2207
2205
2201
2189
2190
2193
2184
2180
2176
2166
2150
2158
2144
2145
2136
2136
2129
2120
2110
2105
2092
2097
2075
2086
2076
2059
2064
2054
2051
2041
2033
2025
2028
2017
2020
2018
2012
2011
2019
2006
2003
2006
2006
2009
2007
2009
2011
2006
2013
2015
2020
2015
2022
2030
2030
2038
2035
2041
2047
2051
2063
2062
2078
2085
2083
2097
2114
2110
2120
2134
2137
2143
2153
2173
2179
2185
2188
2195
2208
2205
2226
2230
2241
2241
2230
2291
2254
2278
2290
2300
2294
2302
2310
2317
2319
2340
2340
2349
2363
2363
2380
2385
2390
2407
2406
2414
2424
2440
2452
2456
2466
2480
2483
2479
2494
2510
2513
2528
2531
2545
2545
2564
2567
2574
2578
2585
2591
2596
2600
2618
2625
2635
2642
2643
2651
2656
2662
2669
2669
2675
2683
2686
2694
2697
2697
2706
2707
2715
2721
2716
2713
2719
2729
2726
2726
2726
2739
2739
2728
2736
2726
2737
2732
2738
2728
2724
2713
2702
2705
2694
2697
2697
2690
2682
2668
2651
2660
2651
2637
2630
2619
2599
2595
2592
2574
2562
2550
2536
2528
2519
2505
2502
2491
2489
2482
2470
2450
2440
2430
2406
2403
2393
2374
2372
2355
2345
2340
2319
2311
2306
2291
2278
2274
2272
2257
2239
2237
2230
2226
2205
2209
2203
2204
2212
2203
2204
2201
2191
2200
2201
2191
2198
2200
2203
2206
2220
2223
2227
2233
2244
2258
2259
2264
2271
2278
2279
2279
2275
2291
2290
2296
2294
2301
2320
2318
2322
2316
2310
2336
2331
2335
2345
2348
2361
2363
2363
2359
2365
2376
2376
2367
2384
2379
2382
2385
2393
2393
2399
2397
2401
2406
2399
2413
2409
2406
2416
2418
2414
2419
2425
2425
2419
2414
2417
2418
2417
2406
2406
2393
2404
2403
2419
2416
2418
2403
2412
2406
2409
2399
2407
2395
2393
2393
2393
2393
2393
2387
2385
2380
2387
2381
2381
2371
2371
2376
2358
2361
2355
2358
2355
2361
2358
2360
2350
2350
2361
2350
2349
2342
2349
2354
2355
2350
2360
2360
2355
2343
2349
2353
2358
2355
2358
2352
2351
2360
2358
2361
2368
2355
2369
2358
2359
2363
2366
2361
2358
2368
2368
2372
2366
2366
2377
2369
2371
2372
2377
2381
2377
2375
2382
2386
2374
2380
2374
2382
2381
2393
2396
2393
2390
2397
2400
2390
2390
2383
2400
2390
2400
2393
2396
2397
2391
2400
2393
2395
2396
2404
2398
2395
2402
2395
2406
2402
2396
2400
2395
2395
2408
2403
2403
2406
2412
2417
2414
2407
2403
2420
2427
2422
2419
2432
2414
2425
2429
2422
2428
2419
2436
2423
2441
2449
2430
2446
2441
2446
2446
2449
2451
2445
2446
2439
2445
2444
2441
2441
2443
2440
2423
2440
2430
2433
2444
2451
2433
2433
2440
2435
2431
2433
2441
2430
2431
2430
2430
2428
2425
2434
2422
2422
2417
2419
2419
2407
2417
2407
2412
2413
2403
2406
2398
2399
2397
2397
2397
2409
2404
2405
2404
2402
2400
2395
2386
2387
2390
2390
2390
2385
2380
2388
2396
2395
2393
2383
2400
2400
2395
2395
2395
2404
2397
2404
2402
2395
2395
2409
2403
2408
2409
2406
2405
2397
2409
2397
2404
2404
2404
2402
2393
2402
2382
2390
2390
2387
2386
2375
2381
2384
2374
2374
2363
2367
2368
2365
2361
2351
2350
2353
2354
2339
2340
2344
2331
2333
2340
2327
2323
2319
2329
2319
2323
2320
2310
2313
2313
2322
2313
2308
2321
2316
2316
2312
2316
2313
2316
2311
2313
2318
2307
2321
2313
2326
2331
2333
2313
2317
2317
2321
2328
2333
2342
2326
2326
2333
2344
2339
2345
2335
2350
2343
2345
2350
2355
2353
2342
2351
2361
2353
2352
2349
2356
2360
2348
2348
2352
2335
2334
2326
2332
2337
2333
2313
2326
2306
2295
2320
2288
2290
2276
2262
2258
2254
2235
2217
2214
2193
2180
2156
2139
2111
2099
2086
2061
2047
2041
2013
2002
1993
1972
1964
1949
1936
1910
1917
1911
1897
1892
1885
1869
1863
1866
1856
1851
1859
1851
1852
1838
1839
1837
1838
1833
1831
1828
1827
1841
1841
1846
1862
1862
1880
1887
1900
1912
1929
1943
1967
1992
2016
2041
2061
2088
2105
2124
2157
2175
2194
2211
2249
2268
2279
2302
2336
2355
2371
2395
2412
2433
2438
2460
2470
2470
2492
2495
2502
2513
2514
2521
2524
2523
2518
2514
2509
2502
2502
2512
2504
2495
2495
2505
2493
2495
2495
2496
2488
2483
2476
2463
2459
2460
2448
2419
2422
2425
2408
2395
2390
2384
2374
2368
2363
2358
2353
2342
2339
2331
2326
2338
2329
2321
2310
2302
2305
2305
2294
2298
2294
2289
2285
2286
2284
2289
2281
2271
2280
2269
2267
2274
2276
2269
2275
2289
2300
2304
2316
2321
2326
2332
2339
2348
2361
2364
2371
2380
2406
2445
2371
2441
2420
2432
2435
2446
2454
2460
2468
2489
2483
2494
2487
2514
2509
2518
2515
2512
2513
2521
2509
2521
2518
2524
2509
2521
2532
2518
2521
2525
2534
2531
2540
2535
2531
2537
2542
2541
2534
2521
2540
2540
2542
2542
2535
2540
2542
2547
2526
2536
2536
2523
2525
2544
2535
2534
2540
2534
2540
2541
2534
2527
2523
2524
2518
2513
2508
2500
2502
2505
2503
2515
2518
2509
2486
2481
2459
2471
2477
2463
2472
2460
2451
2443
2443
2427
2435
2433
2445
2440
2439
2440
2444
2430
2442
2435
2433
2427
2440
2428
2422
2412
2422
2415
2414
2418
2418
2419
2419
2425
2422
2412
2408
2412
2399
2416
2411
2399
2406
2409
2404
2406
2398
2397
2412
2406
2398
2404
2403
2410
2417
2409
2415
2417
2422
2432
2412
2419
2397
2406
2406
2409
2413
2416
2406
2399
2416
2412
2406
2411
2407
2416
2413
2432
2422
2422
2413
2419
2418
2406
2404
2406
2413
2409
2419
2412
2417
2417
2413
2412
2409
2406
2395
2406
2400
2392
2396
2395
2390
2387
2393
2392
2387
2385
2386
2377
2367
2377
2374
2374
2379
2377
2374
2379
2376
2372
2363
2367
2377
2372
2363
2374
2363
2377
2380
2372
2368
2371
2371
2371
2374
2372
2367
2376
2381
2380
2375
2375
2367
2377
2375
2381
2392
2382
2384
2382
2390
2393
2380
2382
2390
2395
2395
2397
2396
2393
2402
2403
2416
2412
2397
2409
2399
2409
2406
2406
2411
2412
2407
2415
2418
2422
2422
2429
2415
2423
2415
2422
2413
2428
2428
2419
2419
2425
2422
2424
2422
2435
2432
2427
2415
2435
2423
2422
2433
2432
2423
2422
2430
2423
2432
2433
2432
2423
2433
2428
2441
2430
2427
2425
2422
2422
2432
2434
2424
2425
2424
2428
2423
2425
2422
2422
2423
2423
2419
2419
2424
2422
2419
2416
2417
2411
2412
2407
2412
2406
2407
2395
2395
2395
2402
2393
2397
2400
2400
2397
2390
2396
2388
2387
2375
2387
2388
2386
2383
2386
2380
2386
2381
2387
2379
2380
2381
2384
2386
2377
2374
2374
2374
2374
2367
2376
2367
2372
2380
2368
2363
2361
2363
2356
2347
2356
2354
2356
2349
2342
2342
2342
2343
2333
2335
2337
2335
2331
2329
2326
2317
2310
2322
2313
2320
2307
2307
2295
2305
2294
2291
2290
2286
2284
2278
2278
2265
2276
2268
2262
2257
2253
2254
2247
2254
2257
2244
2235
2249
2238
2233
2230
2230
2223
2221
2225
2222
2219
2211
2221
2212
2214
2209
2201
2203
2208
2203
2199
2204
2204
2203
2201
2201
2198
2193
2193
2190
2187
2195
2182
2189
2191
2201
2195
2200
2200
2195
2190
2203
2204
2203
2200
2212
2204
2210
2214
2214
2211
2214
2221
2225
2222
2214
2228
2222
2222
2233
2233
2222
2232
2230
2232
2243
2241
2231
2221
2221
2221
2233
2222
2226
2207
2219
2214
2210
2203
2212
2212
2217
2217
2214
2221
2222
2226
2232
2227
2233
2236
2231
2230
2232
2231
2231
2221
2224
2221
2225
2228
2220
2221
2217
2203
2210
2208
2205
2212
2216
2217
2217
2218
2217
2217
2227
2221
2240
2240
2239
2246
2258
2253
2265
2267
2265
2276
2276
2271
2278
2289
2290
2291
2302
2305
2313
2299
2326
2336
2331
2352
2358
2360
2369
2380
2397
2406
2419
2423
2444
2446
2459
2476
2486
2489
2505
2520
2521
2521
2523
2534
2553
2543
2556
2568
2577
2568
2580
2582
2579
2577
2580
2584
2588
2582
2587
2574
2582
2585
2594
2601
2601
2604
2609
2604
2605
2614
2620
2606
2603
2598
2589
2575
2573
2585
2563
2564
2540
2534
2527
2515
2505
2505
2489
2463
2464
2446
2430
2411
2410
2399
2390
2374
2361
2349
2338
2326
2318
2307
2297
2288
2269
2255
2249
2235
2225
2205
2191
2193
2175
2177
2163
2150
2146
2129
2111
2113
2099
2099
2094
2086
2077
2084
2076
2086
2097
2107
2100
2092
2104
2113
2118
2123
2127
2136
2144
2153
2147
2150
2169
2178
2184
2188
2203
2212
2230
2227
2240
2248
2254
2276
2284
2304
2301
2316
2338
2345
2358
2382
2397
2395
2413
2408
2407
2436
2451
2438
2431
2440
2441
2440
2422
2428
2419
2434
2435
2435
2435
2444
2438
2444
2435
2443
2438
2444
2441
2427
2414
2430
2464
2475
2482
2477
2481
2486
2470
2472
2477
2476
2471
2470
2473
2463
2476
2471
2460
2472
2468
2466
2459
2464
2457
2446
2454
2445
2443
2439
2444
2441
2430
2444
2430
2436
2440
2423
2425
2432
2441
2423
2422
2422
2428
2422
2428
2440
2430
2432
2425
2423
2422
2423
2423
2423
2434
2433
2422
2440
2429
2423
2430
2425
2432
2436
2430
2433
2435
2435
2427
2430
2433
2430
2433
2435
2441
2445
2441
2438
2441
2441
2440
2438
2435
2441
2441
2443
2430
2448
2444
2450
2446
2441
2431
2444
2448
2435
2433
2430
2444
2438
2438
2451
2450
2448
2440
2441
2450
2441
2444
2452
2445
2441
2436
2441
2445
2435
2441
2457
2445
2444
2445
2435
2449
2438
2450
2449
2451
2433
2431
2439
2445
2439
2443
2446
2445
2445
2444
2441
2445
2457
2444
2450
2449
2452
2460
2457
2449
2459
2465
2461
2449
2466
2460
2459
2470
2461
2457
2467
2472
2482
2470
2468
2470
2463
2470
2468
2481
2482
2471
2482
2477
2481
2478
2471
2476
2481
2480
2477
2473
2470
2480
2476
2474
2465
2461
2467
2468
2460
2460
2456
2464
2451
2457
2459
2460
2445
2457
2455
2464
2455
2454
2454
2457
2451
2451
2445
2450
2431
2444
2450
2444
2447
2438
2446
2444
2445
2445
2450
2445
2446
2444
2441
2436
2431
2438
2432
2422
2423
2427
2420
2407
2408
2396
2395
2391
2385
2376
2369
2368
2361
2348
2338
2329
2317
2322
2310
2295
2297
2280
2276
2265
2257
2247
2249
2241
2219
2210
2203
2198
2190
2177
2178
2180
2176
2167
2166
2157
2160
2151
2145
2156
2152
2152
2152
2156
2156
2167
2166
2177
2174
2182
2191
2208
2198
2203
2226
2219
2233
2223
2230
2240
2241
2246
2247
2254
2246
2253
2265
2276
2280
2278
2291
2292
2304
2305
2309
2305
2300
2301
2301
2299
2308
2295
2299
2286
2294
2278
2283
2276
2258
2244
2233
2222
2198
2177
2153
2169
2111
2099
2094
2087
2067
2057
2039
2019
2015
2017
2002
1992
1991
1975
1974
1976
1955
1956
1934
1932
1923
1897
1881
1867
1856
1838
1819
1804
1801
1784
1778
1763
1762
1751
1741
1747
1756
1745
1748
1753
1755
1750
1772
1772
1790
1795
1811
1830
1867
1883
1901
1938
1964
1993
2019
2041
2061
2102
2129
2159
2188
2212
2225
2258
2275
2278
2288
2313
2319
2342
2355
2385
2382
2390
2403
2419
2425
2430
2440
2451
2457
2460
2473
2482
2477
2482
2497
2502
2500
2518
2512
2523
2531
2531
2534
2541
2563
2555
2537
2564
2555
2551
2555
2558
2547
2558
2557
2556
2541
2553
2534
2536
2523
2257
3369
2883
2331
2183
2391
2524
2512
2422
2489
2540
2467
2395
2379
2438
2486
2374
2455
2535
2464
2427
2396
2422
2463
2387
2459
2441
2402
2451
2393
2386
2455
2368
2414
2477
2374
2431
2452
2409
2377
2377
2404
2422
2382
2445
2422
2432
2406
2433
2468
2443
2480
2477
2482
2528
2502
2502
2530
2534
2520
2512
2520
2530
2513
2521
2534
2524
2518
2505
2531
2509
2532
2523
2529
2528
2505
2507
2546
2570
2486
2530
2523
2523
2532
2532
2528
2513
2509
2523
2525
2530
2540
2523
2510
2523
2535
2537
2531
2551
2555
2526
2555
2543
2558
2576
2541
2545
2564
2563
2556
2545
2553
2551
2552
2540
2535
2532
2532
2523
2525
2505
2510
2512
2481
2484
2482
2489
2493
2471
2483
2476
2478
2467
2471
2475
2476
2491
2546
2419
2343
2419
2424
2444
2440
2450
2438
2443
2440
2430
2446
2467
2406
2428
2425
2397
2470
2392
2430
2409
2368
2446
2358
2372
2515
2342
2366
2355
2379
2416
2395
2228
2368
2326
2331
2259
2383
2396
2488
2433
2342
2310
2299
2363
2406
2376
2457
2417
2349
2350
2367
2305
2380
2327
2349
2340
2150
2278
2338
2719
2563
2080
2253
2396
2931
2819
2225
1683
2180
2088
2246
2207
2187
2221
2316
2381
2396
2354
2497
2430
2233
2306
2274
2227
2172
2457
2828
2220
2183
2011
2809
2219
2545
2297
2303
2486
2296
2454
2440
2566
2327
2329
2283
2790
2131
2617
2270
2559
2488
2345
2257
3849
2894
2457
1379
2089
2639
2574
2390
2093
2542
2265
2508
2509
2534
2459
2454
2575
2310
2374
2494
2441
2400
2755
2433
2390
2422
2448
2413
2416
2393
2380
2366
2355
2348
2368
2377
2385
2395
2385
2390
2391
2381
2388
2366
2377
2376
2377
2377
2374
2376
2367
2372
2366
2368
2371
2363
2366
2363
2361
2374
2368
2379
2366
2372
2372
2367
2377
2375
2380
2392
2367
2387
2387
2367
2374
2380
2386
2380
2375
2385
2382
2380
2382
2380
2387
2386
2388
2381
2387
2381
2390
2396
2390
2383
2393
2392
2395
2395
2388
2396
2393
2395
2393
2402
2397
2397
2402
2399
2391
2409
2398
2403
2397
2402
2396
2408
2393
2402
2396
2402
2404
2393
2390
2393
2395
2390
2387
2382
2387
2393
2385
2377
2371
2372
2367
2372
2367
2369
2355
2368
2353
2349
2352
2347
2335
2333
2331
2322
2310
2321
2310
2307
2302
2297
2295
2285
2292
2270
2276
2268
2275
2264
2253
2248
2251
2240
2240
2231
2223
2215
2207
2211
2203
2210
2193
2198
2189
2187
2180
2185
2177
2173
2179
2176
2163
2169
2167
2150
2166
2159
2163
2163
2158
2157
2163
2162
2164
2162
2161
2166
2173
2171
2174
2184
2185
2185
2183
2189
2198
2201
2205
2205
2195
2212
2214
2203
2208
2210
2208
2200
2196
2198
2198
2206
2203
2201
2198
2209
2205
2220
2217
2232
2222
2222
2223
2231
2221
2222
2234
2223
2221
2225
2214
2219
2220
2211
2203
2205
2212
2210
2212
2199
2210
2201
2199
2208
2198
2195
2204
2203
2212
2204
2204
2203
2214
2203
2203
2213
2214
2205
2203
2212
2214
2214
2208
2224
2205
2230
2221
2230
2231
2241
2244
2246
2269
2271
2281
2291
2294
2307
2332
2339
2349
2353
2376
2392
2382
2406
2411
2432
2441
2440
2457
2467
2473
2481
2483
2486
2491
2500
2486
2495
2502
2509
2504
2521
2518
2494
2511
2528
2526
2532
2534
2532
2535
2546
2529
2534
2531
2523
2529
2524
2520
2472
2592
2489
2489
2502
2496
2463
2470
2445
2445
2423
2419
2414
2399
2381
2371
2368
2354
2331
2319
2310
2294
2275
2249
2233
2235
2233
2216
2204
2182
2171
2164
2143
2130
2134
2125
2115
2099
2092
2079
2073
2065
2064
2052
2043
2036
2048
2061
2054
2051
2043
2051
2049
2065
2065
2076
2087
2094
2107
2105
2121
2128
2137
2151
2157
2174
2193
2195
2217
2230
2230
2239
2249
2274
2296
2310
2310
2330
2343
2361
2367
2381
2393
2400
2412
2415
2441
2452
2459
2459
2459
2483
2500
2494
2478
2477
2496
2481
2472
2456
2448
2423
2406
2408
2407
2409
2399
2409
2412
2416
2412
2414
2408
2404
2409
2419
2441
2457
2454
2459
2455
2468
2458
2470
2470
2462
2473
2463
2470
2470
2468
2462
2461
2462
2468
2473
2459
2465
2451
2467
2461
2460
2457
2459
2461
2464
2459
2468
2459
2475
2461
2468
2467
2461
2473
2470
2473
2459
2461
2472
2471
2473
2476
2461
2465
2470
2470
2481
2476
2476
2476
2470
2473
2470
2461
2470
2480
2477
2482
2470
2463
2473
2472
2470
2463
2478
2461
2461
2468
2473
2471
2468
2461
2466
2467
2461
2464
2460
2451
2447
2470
2460
2459
2457
2450
2454
2451
2445
2454
2445
2454
2452
2451
2450
2443
2438
2438
2445
2444
2451
2435
2444
2441
2438
2446
2438
2436
2423
2425
2440
2438
2438
2425
2436
2438
2438
2432
2415
2419
2425
2430
2440
2419
2422
2422
2413
2413
2435
2429
2440
2422
2436
2434
2422
2434
2433
2435
2433
2430
2438
2428
2432
2430
2440
2435
2431
2430
2440
2433
2430
2430
2423
2423
2424
2433
2430
2428
2423
2419
2422
2419
2418
2418
2412
2413
2412
2418
2424
2412
2413
2419
2422
2413
2419
2418
2420
2422
2422
2406
2422
2425
2414
2414
2425
2414
2418
2428
2425
2417
2422
2417
2422
2424
2432
2414
2416
2419
2413
2417
2418
2414
2414
2419
2411
2406
2413
2399
2395
2395
2390
2391
2387
2381
2372
2371
2374
2358
2360
2350
2343
2335
2339
2331
2327
2317
2321
2313
2310
2307
2299
2287
2275
2284
2276
2262
2258
2256
2249
2235
2231
2233
2221
2225
2219
2209
2211
2210
2203
2206
2201
2214
2198
2209
2214
2227
2207
2222
2238
2246
2249
2246
2249
2260
2257
2253
2259
2269
2272
2262
2268
2276
2276
2263
2270
2269
2273
2284
2279
2278
2279
2284
2294
2291
2291
2304
2301
2291
2286
2291
2289
2284
2288
2267
2269
2266
2252
2249
2233
2217
2212
2190
2171
2151
2145
2121
2099
2086
2063
2050
2033
2025
2004
1988
1985
1977
1964
1956
1952
1947
1942
1947
1944
1945
1954
1942
1939
1945
1938
1933
1919
1920
1913
1905
1907
1897
1896
1906
1905
1907
1900
1899
1910
1906
1907
1897
1904
1894
1894
1895
1907
1901
1901
1901
1920
1924
1944
1953
1964
1981
1993
2017
2036
2056
2067
2094
2113
2136
2148
2168
2184
2205
2219
2233
2246
2259
2267
2285
2304
2316
2323
2336
2348
2354
2361
2359
2374
2387
2397
2404
2415
2413
2403
2414
2435
2438
2427
2435
2446
2449
2448
2451
2457
2459
2464
2480
2471
2470
2471
2481
2478
2476
2479
2483
2489
2492
2479
2477
2482
2486
2484
2484
2476
2470
2476
2467
2468
2464
2461
2460
2450
2430
2455
2471
2470
2447
2438
2444
2449
2440
2435
2441
2449
2432
2432
2425
2422
2413
2419
2412
2420
2422
2425
2422
2409
2408
2415
2422
2425
2417
2425
2427
2425
2433
2432
2435
2435
2438
2444
2452
2451
2451
2447
2459
2451
2454
2468
2467
2467
2461
2468
2455
2460
2457
2450
2444
2451
2450
2441
2449
2451
2450
2447
2444
2459
2451
2451
2445
2446
2445
2454
2445
2450
2454
2457
2466
2466
2465
2473
2465
2470
2475
2480
2476
2478
2487
2491
2489
2487
2497
2497
2486
2491
2486
2487
2491
2505
2497
2497
2505
2508
2507
2501
2491
2491
2491
2491
2497
2486
2491
2470
2477
2470
2480
2471
2470
2467
2454
2455
2460
2444
2449
2456
2454
2440
2434
2433
2441
2449
2439
2436
2423
2435
2435
2429
2435
2433
2423
2422
2425
2432
2426
2419
2418
2415
2425
2407
2417
2412
2407
2416
2412
2419
2419
2399
2407
2412
2480
2431
2399
2409
2397
2406
2403
2402
2402
2396
2412
2406
2397
2395
2397
2403
2400
2403
2408
2395
2397
2406
2397
2397
2383
2397
2400
2383
2390
2383
2402
2384
2388
2380
2384
2387
2385
2387
2384
2381
2381
2381
2379
2385
2381
2381
2392
2381
2384
2374
2386
2386
2384
2386
2384
2384
2385
2390
2382
2380
2383
2390
2382
2385
2375
2381
2385
2393
2387
2387
2380
2387
2387
2393
2387
2393
2390
2393
2390
2390
2396
2395
2390
2400
2390
2381
2382
2385
2383
2390
2396
2402
2395
2404
2387
2390
2395
2391
2400
2395
2400
2397
2393
2403
2398
2387
2395
2391
2395
2406
2397
2395
2397
2395
2391
2390
2393
2400
2391
2400
2396
2396
2402
2390
2390
2392
2390
2393
2386
2381
2387
2382
2390
2388
2380
2381
2393
2393
2385
2390
2386
2393
2392
2385
2385
2393
2392
2395
2391
2396
2403
2395
2395
2400
2399
2399
2395
2409
2408
2406
2409
2406
2420
2406
2407
2413
2419
2413
2425
2425
2425
2432
2432
2432
2422
2438
2440
2433
2428
2436
2427
2425
2433
2423
2422
2432
2422
2432
2437
2435
2423
2433
2432
2433
2432
2423
2422
2423
2419
2413
2417
2425
2428
2413
2412
2407
2417
2406
2412
2412
2403
2409
2395
2395
2390
2393
2380
2380
2375
2366
2363
2363
2368
2361
2353
2343
2342
2331
2331
2326
2317
2322
2310
2308
2301
2304
2287
2294
2291
2271
2275
2280
2269
2259
2260
2259
2246
2246
2241
2240
2236
2224
2225
2228
2219
2217
2195
2200
2201
2200
2193
2183
2182
2182
2168
2172
2157
2161
2161
2131
2128
2123
2107
2102
2099
2079
2082
2067
2061
2047
2057
2051
2050
2043
2035
2030
2038
2030
2034
2034
2018
2015
2003
2009
2000
2000
1988
1981
1969
1970
1958
1949
1942
1940
1931
1925
1916
1911
1912
1907
1907
1907
1902
1912
1912
1911
1918
1929
1922
1926
1926
1927
1929
1927
1932
1937
1939
1945
1952
1955
1964
1963
1977
1979
1991
2006
2013
2033
2043
2054
2067
2071
2097
2108
2130
2131
2155
2163
2172
2182
2200
2195
2217
2232
2235
2246
2276
2286
2291
2295
2322
2332
2342
2353
2369
2393
2404
2413
2419
2446
2468
2471
2489
2505
2509
2531
2546
2553
2561
2576
2585
2594
2598
2617
2620
2630
2638
2649
2652
2652
2663
2667
2672
2675
2684
2683
2688
2699
2706
2694
2708
2701
2710
2700
2700
2700
2695
2697
2683
2678
2675
2678
2674
2656
2641
2627
2614
2605
2582
2577
2560
2535
2539
2520
2510
2503
2481
2471
2447
2435
2441
2423
2416
2395
2385
2374
2369
2364
2355
2329
2317
2316
2310
2294
2276
2264
2251
2239
2250
2240
2231
2221
2214
2217
2222
2221
2208
2216
2213
2212
2221
2214
2220
2219
2215
2222
2221
2240
2235
2249
2254
2264
2263
2281
2284
2297
2295
2294
2295
2302
2307
2329
2343
2355
2353
2354
2355
2355
2372
2377
2377
2382
2385
2386
2395
2403
2413
2422
2430
2441
2454
2463
2477
2504
2523
2500
2489
2494
2500
2512
2497
2491
2486
2478
2468
2470
2450
2462
2470
2465
2461
2462
2468
2467
2468
2457
2468
2464
2468
2459
2468
2480
2496
2500
2502
2508
2505
2500
2505
2513
2503
2513
2505
2496
2491
2487
2486
2477
2486
2478
2483
2480
2470
2475
2467
2461
2466
2461
2460
2451
2451
2451
2448
2446
2445
2450
2452
2457
2445
2449
2452
2446
2450
2450
2438
2449
2454
2431
2441
2442
2441
2451
2434
2441
2443
2438
2430
2441
2433
2425
2435
2438
2440
2438
2431
2427
2430
2430
2429
2431
2441
2440
2439
2440
2432
2435
2440
2439
2431
2438
2441
2428
2429
2432
2430
2434
2434
2422
2425
2428
2432
2422
2436
2422
2419
2422
2420
2413
2422
2419
2407
2413
2422
2414
2417
2414
2412
2418
2416
2412
2412
2425
2419
2415
2424
2424
2414
2435
2419
2425
2430
2435
2429
2441
2430
2436
2435
2438
2441
2438
2445
2439
2445
2439
2457
2439
2429
2439
2451
2441
2448
2449
2457
2454
2444
2444
2445
2441
2448
2431
2438
2435
2431
2438
2441
2435
2438
2435
2431
2428
2422
2430
2427
2422
2427
2414
2432
2429
2429
2430
2425
2432
2432
2428
2429
2430
2423
2440
2432
2435
2430
2433
2430
2441
2441
2441
2430
2435
2427
2432
2432
2415
2406
2404
2387
2387
2390
2375
2379
2365
2355
2342
2348
2334
2317
2311
2297
2291
2294
2286
2291
2247
2246
2249
2239
2231
2222
2215
2221
2208
2205
2203
2203
2198
2189
2183
2185
2174
2179
2178
2172
2163
2168
2168
2162
2159
2168
2162
2158
2150
2159
2157
2161
2159
2169
2180
2189
2190
2199
2203
2207
2220
2215
2225
2235
2244
2239
2258
2259
2265
2269
2281
2278
2294
2286
2291
2307
2308
2318
2315
2316
2316
2316
2320
2317
2310
2320
2305
2304
2299
2300
2294
2290
2279
2278
2274
2259
2241
2228
2219
2194
2176
2160
2134
2123
2107
2092
2063
2057
2040
2032
2029
2024
2013
2017
2009
2007
1999
2003
1998
1993
1974
1984
1979
1969
1966
1948
1956
1945
1944
1936
1923
1916
1903
1908
1891
1885
1883
1868
1853
1838
1838
1817
1816
1793
1771
1760
1763
1782
1801
1823
1836
1857
1865
1881
1887
1908
1913
1927
1942
1949
1956
1966
1975
1984
1983
2016
2046
2078
2107
2147
2180
2216
2249
2290
2322
2354
2385
2414
2443
2471
2496
2530
2547
2567
2578
2599
2619
2635
2637
2651
2662
2655
2669
2684
2678
2686
2696
2704
2695
2694
2687
2701
2692
2679
2692
2681
2673
2673
2668
2658
2631
2638
2632
2614
2611
2611
2596
2574
2568
2556
2545
2515
2528
2495
2510
2489
2489
2491
2481
2457
2454
2444
2433
2432
2422
2423
2413
2403
2409
2403
2400
2385
2386
2380
2379
2375
2367
2368
2358
2355
2348
2356
2354
2342
2339
2344
2344
2333
2342
2340
2331
2333
2340
2340
2329
2326
2335
2340
2329
2333
2334
2339
2353
2350
2360
2361
2360
2384
2393
2414
2414
2390
2376
2361
2372
2372
2383
2395
2391
2391
2399
2400
2395
2395
2396
2412
2422
2427
2428
2428
2422
2436
2438
2443
2444
2457
2444
2459
2466
2467
2477
2478
2483
2483
2486
2489
2499
2496
2492
2504
2499
2497
2500
2502
2508
2504
2500
2486
2493
2500
2491
2491
2491
2479
2477
2489
2479
2483
2477
2491
2488
2478
2475
2470
2478
2471
2480
2484
2462
2472
2470
2470
2465
2468
2451
2447
2464
2451
2450
2454
2446
2435
2440
2445
2438
2423
2431
2431
2422
2427
2414
2419
2425
2436
2425
2422
2422
2414
2415
2415
2419
2417
2413
2413
2409
2417
2414
2409
2418
2416
2418
2406
2387
2400
2395
2401
2402
2383
2374
2390
2409
2397
2406
2403
2413
2412
2409
2411
2416
2417
2416
2408
2417
2417
2416
2422
2415
2415
2414
2418
2413
2427
2422
2419
2425
2425
2413
2425
2423
2426
2419
2423
2414
2417
2413
2417
2425
2401
2403
2414
2406
2416
2418
2412
2409
2406
2404
2397
2395
2395
2395
2400
2397
2402
2404
2404
2396
2396
2397
2396
2396
2400
2397
2395
2393
2396
2397
2393
2393
2396
2389
2402
2397
2397
2396
2393
2396
2391
2387
2395
2383
2387
2395
2381
2381
2393
2391
2400
2402
2385
2393
2391
2393
2383
2396
2390
2391
2400
2402
2395
2397
2396
2400
2406
2393
2397
2402
2396
2404
2402
2402
2399
2395
2404
2397
2393
2400
2396
2400
2398
2404
2387
2390
2401
2390
2396
2395
2391
2391
2400
2390
2393
2382
2390
2390
2392
2390
2390
2397
2397
2395
2404
2406
2397
2399
2397
2398
2391
2391
2393
2385
2396
2382
2385
2382
2384
2385
2374
2375
2384
2369
2372
2376
2377
2369
2376
2369
2367
2377
2363
2372
2370
2363
2370
2361
2360
2360
2355
2348
2348
2343
2335
2340
2339
2331
2327
2320
2318
2321
2308
2305
2301
2294
2286
2283
2276
2278
2278
2268
2265
2260
2258
2252
2252
2246
2241
2248
2235
2233
2233
2223
2217
2211
2199
2204
2210
2200
2191
2193
2194
2193
2183
2179
2173
2182
2166
2176
2166
2166
2167
2172
2168
2171
2160
2161
2159
2166
2161
2177
2151
2156
2159
2150
2139
2148
2139
2144
2126
2125
2124
2128
2116
2121
2124
2124
2111
2128
2131
2127
2140
2144
2144
2141
2141
2142
2139
2145
2131
2127
2129
2119
2129
2119
2111
2111
2102
2107
2108
2103
2106
2102
2105
2104
2104
2112
2108
2103
2113
2108
2112
2115
2118
2125
2131
2136
2141
2141
2151
2160
2161
2168
2163
2185
2177
2185
2182
2183
2193
2194
2190
2205
2201
2205
2210
2226
2223
2233
2256
2253
2260
2280
2281
2295
2310
2319
2331
2354
2368
2380
2395
2419
2422
2436
2448
2466
2476
2492
2502
2522
2532
2543
2557
2563
2585
2595
2601
2599
2625
2638
2635
2639
2651
2649
2646
2646
2648
2652
2637
2643
2637
2643
2628
2622
2630
2633
2607
2605
2606
2604
2603
2596
2601
2587
2584
2573
2563
2557
2558
2560
2535
2516
2508
2492
2467
2452
2433
2413
2382
2349
2344
2333
2329
2292
2265
2246
2227
2227
2205
2185
2169
2150
2144
2124
2102
2102
2086
2067
2070
2047
2060
2035
2041
2003
2008
2017
2006
2001
1987
1991
1985
1979
1975
1977
1977
1976
1979
1983
1990
1999
2009
2017
2034
2043
2052
2054
2080
2087
2105
2116
2115
2131
2150
2150
2172
2176
2177
2189
2201
2205
2211
2227
2234
2236
2243
2243
2265
2265
2275
2291
2307
2316
2339
2350
2363
2392
2397
2429
2446
2492
2510
2530
2534
2523
2521
2523
2530
2508
2502
2500
2497
2488
2483
2464
2449
2454
2456
2449
2438
2444
2441
2445
2465
2470
2468
2459
2446
2454
2449
2456
2451
2441
2431
2430
2433
2441
2431
2441
2439
2428
2424
2438
2423
2414
2422
2414
2428
2434
2423
2440
2428
2441
2431
2441
2438
2449
2441
2449
2450
2451
2445
2461
2447
2460
2464
2462
2468
2455
2459
2460
2461
2462
2464
2468
2461
2462
2472
2467
2470
2462
2454
2470
2476
2464
2468
2471
2466
2464
2470
2480
2470
2468
2463
2467
2473
2461
2470
2463
2482
2475
2473
2463
2466
2480
2473
2483
2463
2468
2481
2473
2467
2470
2462
2470
2467
2463
2467
2476
2470
2470
2467
2472
2466
2459
2468
2466
2467
2454
2457
2448
2448
2454
2438
2441
2441
2441
2440
2425
2436
2431
2433
2422
2417
2425
2422
2425
2432
2425
2428
2423
2435
2436
2432
2419
2433
2436
2423
2430
2441
2440
2444
2446
2450
2446
2454
2457
2454
2446
2459
2472
2481
2481
2481
2470
2483
2489
2497
2489
2500
2487
2491
2505
2505
2504
2508
2509
2513
2500
2495
2504
2502
2500
2491
2504
2495
2491
2491
2489
2491
2482
2483
2483
2482
2470
2480
2476
2475
2476
2476
2459
2468
2472
2464
2460
2457
2461
2464
2457
2457
2451
2461
2466
2454
2456
2445
2456
2445
2438
2435
2440
2429
2427
2422
2414
2412
2403
2400
2390
2382
2371
2363
2358
2350
2352
2338
2326
2323
2317
2310
2304
2289
2284
2264
2254
2252
2251
2223
2220
2211
2189
2188
2177
2167
2153
2139
2130
2116
2102
2096
2086
2083
2089
2086
2065
2067
2080
2065
2067
2082
2077
2067
2083
2077
2094
2089
2099
2104
2132
2130
2139
2169
2183
2175
2199
2198
2230
2216
2230
2253
2258
2246
2258
2268
2269
2279
2294
2303
2307
2295
2333
2332
2305
2333
2326
2321
2313
2286
2286
2231
2220
2214
2201
2174
2158
2163
2171
2130
2060
1980
2105
2176
2211
2166
2121
2066
2134
2145
2256
2089
2121
2071
1984
2000
1955
1977
1953
1907
1880
1872
1934
1913
1969
1929
1938
1966
1928
1899
1884
1865
1837
1841
1870
1942
1956
1930
1905
1900
1875
1849
1858
1866
1869
1891
1881
1897
1883
1895
1908
1910
1918
1907
1926
1950
1970
2003
1992
1953
1923
2019
2062
2065
2093
2097
2144
2189
2166
2236
2235
2243
2279
2320
2336
2358
2387
2393
2419
2423
2446
2460
2483
2470
2502
2505
2536
2523
2543
2571
2552
2582
2560
2568
2569
2535
2595
2596
2579
2589
2598
2569
2574
2573
2575
2597
2593
2574
2594
2585
2589
2573
2577
2567
2572
2571
2567
2558
2556
2541
2541
2537
2530
2519
2524
2531
2531
2504
2488
2477
2478
2505
2487
2492
2499
2513
2508
2494
2491
2480
2477
2468
2445
2449
2441
2440
2423
2425
2422
2406
2409
2387
2380
2390
2386
2377
2386
2393
2380
2375
2383
2381
2383
2385
2382
2377
2385
2400
2391
2405
2383
2403
2390
2397
2403
2409
2403
2406
2414
2418
2417
2415
2422
2422
2432
2441
2441
2449
2457
2446
2454
2462
2475
2472
2486
2483
2486
2489
2486
2504
2499
2500
2509
2514
2514
2487
2499
2537
2505
2521
2521
2514
2518
2510
2519
2528
2525
2515
2515
2519
2521
2523
2525
2531
2524
2524
2524
2536
2536
2546
2531
2548
2542
2553
2541
2540
2540
2532
2534
2523
2525
2522
2522
2522
2518
2508
2509
2521
2507
2495
2508
2515
2491
2500
2491
2515
2505
2488
2486
2488
2483
2481
2470
2463
2467
2460
2459
2459
2451
2454
2447
2457
2441
2441
2438
2438
2435
2433
2413
2433
2420
2417
2409
2412
2404
2408
2390
2395
2395
2390
2354
2386
2380
2381
2381
2366
2358
2361
2363
2351
2355
2353
2349
2345
2350
2342
2352
2344
2348
2348
2342
2344
2354
2347
2358
2350
2342
2349
2353
2353
2347
2348
2353
2368
2368
2361
2361
2368
2363
2370
2358
2366
2358
2365
2371
2377
2377
2382
2374
2383
2381
2396
2387
2401
2400
2406
2406
2409
2406
2406
2418
2412
2428
2424
2422
2419
2422
2423
2432
2430
2428
2441
2435
2441
2438
2438
2441
2445
2444
2444
2441
2440
2438
2441
2441
2441
2441
2441
2431
2435
2441
2438
2436
2436
2438
2422
2431
2430
2431
2433
2430
2422
2433
2422
2427
2414
2422
2429
2419
2427
2428
2432
2422
2417
2412
2418
2417
2419
2406
2403
2406
2411
2418
2406
2406
2397
2395
2398
2402
2402
2395
2398
2387
2383
2393
2391
2393
2383
2381
2382
2381
2385
2374
2380
2381
2374
2375
2372
2374
2366
2366
2367
2367
2369
2368
2366
2369
2358
2361
2359
2363
2368
2358
2349
2356
2361
2364
2368
2354
2351
2351
2355
2364
2354
2355
2351
2361
2353
2353
2349
2342
2364
2351
2349
2343
2343
2348
2342
2339
2319
2335
2339
2326
2329
2310
2316
2313
2299
2305
2299
2296
2300
2284
2284
2272
2268
2262
2259
2252
2254
2239
2249
2236
2236
2233
2227
2214
2216
2207
2208
2195
2195
2191
2190
2174
2192
2179
2157
2169
2174
2166
2163
2163
2161
2163
2153
2150
2150
2153
2144
2144
2147
2144
2144
2125
2137
2120
2116
2111
2102
2093
2083
2077
2066
2056
2047
2041
2029
2040
2030
2025
2025
2023
2022
2020
2013
2013
2011
2015
2025
2022
2011
2009
2009
2006
2003
2003
1998
1993
1987
1983
1979
1985
1984
1975
1977
1979
1986
1988
1983
1992
1996
1997
2008
2011
2023
2034
2038
2043
2049
2054
2073
2079
2083
2102
2107
2115
2131
2125
2155
2157
2170
2177
2194
2205
2203
2225
2230
2243
2257
2269
2281
2295
2317
2340
2345
2368
2381
2395
2406
2423
2449
2457
2470
2487
2502
2523
2536
2555
2564
2577
2596
2600
2606
2614
2628
2623
2640
2642
2648
2637
2652
2646
2649
2649
2651
2649
2647
2646
2636
2639
2643
2646
2649
2647
2660
2656
2651
2662
2651
2656
2658
2656
2649
2653
2646
2649
2614
2611
2605
2592
2585
2569
2563
2537
2525
2503
2497
2470
2472
2444
2422
2399
2383
2359
2352
2342
2317
2301
2290
2262
2248
2240
2214
2204
2182
2177
2158
2134
2131
2121
2108
2102
2083
2075
2071
2061
2060
2043
2041
2039
2040
2030
2048
2048
2049
2054
2056
2051
2067
2077
2075
2083
2089
2102
2116
2121
2136
2148
2157
2179
2185
2195
2198
2208
2214
2240
2256
2268
2290
2307
2310
2328
2345
2358
2367
2402
2418
2436
2454
2478
2495
2519
2555
2551
2541
2544
2540
2552
2539
2523
2515
2508
2499
2504
2491
2496
2495
2497
2505
2505
2509
2497
2483
2482
2461
2467
2467
2468
2470
2475
2481
2482
2470
2463
2461
2473
2467
2461
2470
2459
2451
2454
2460
2460
2463
2384
2451
2443
2423
2443
2446
2438
2451
2445
2433
2439
2422
2433
2440
2441
2430
2430
2430
2435
2428
2423
2432
2422
2427
2427
2426
2419
2429
2432
2428
2427
2420
2420
2433
2427
2429
2414
2428
2422
2422
2419
2423
2433
2422
2415
2420
2407
2414
2419
2425
2424
2414
2424
2425
2433
2425
2427
2435
2430
2422
2430
2433
2435
2438
2438
2435
2438
2430
2430
2441
2448
2440
2444
2430
2438
2427
2434
2439
2434
2435
2441
2429
2422
2423
2435
2423
2433
2432
2428
2423
2414
2430
2430
2427
2429
2419
2428
2432
2429
2433
2434
2435
2430
2445
2438
2438
2444
2457
2454
2454
2457
2457
2468
2463
2482
2477
2473
2482
2496
2415
2515
2470
2481
2507
2502
2505
2508
2513
2521
2519
2528
2522
2515
2523
2525
2521
2518
2518
2521
2521
2511
2524
2518
2518
2523
2514
2515
2511
2515
2499
2509
2493
2500
2508
2505
2496
2500
2492
2544
2456
2491
2481
2477
2480
2477
2471
2476
2471
2476
2481
2463
2482
2463
2463
2461
2468
2463
2459
2466
2459
2445
2450
2446
2450
2443
2445
2425
2414
2417
2425
2407
2397
2400
2390
2380
2364
2349
2355
2355
2342
2319
2311
2308
2298
2285
2276
2257
2243
2234
2221
2201
2189
2174
2158
2156
2131
2121
2115
2109
2092
2084
2071
2065
2064
2054
2046
2047
2043
2043
2039
2046
2046
2045
2055
2065
2070
2073
2086
2093
2102
2124
2134
2148
2161
2172
2179
2204
2212
2209
2214
2212
2226
2222
2227
2236
2239
2239
2249
2255
2259
2263
2272
2275
2278
2279
2292
2294
2294
2307
2317
2313
2311
2322
2316
2316
2320
2317
2311
2313
2308
2287
2299
2285
2284
2269
2268
2248
2238
2232
2216
2203
2185
2169
2156
2137
2108
2095
2086
2061
2064
2038
2028
2012
1993
1993
1985
1980
1955
1949
1945
1934
1926
1929
1913
1905
1899
1887
1883
1870
1855
1833
1817
1807
1795
1783
1766
1751
1748
1728
1714
1699
1696
1683
1673
1662
1657
1651
1651
1655
1672
1673
1686
1703
1734
1757
1787
1811
1851
1883
1918
1949
1984
2015
2045
2075
2107
2131
2147
2177
2201
2235
2259
2291
2318
2342
2384
2395
2415
2441
2478
2521
2529
2553
2558
2567
2594
2610
2607
2640
2636
2658
2655
2674
2675
2671
2681
2689
2686
2701
2706
2715
2720
2710
2720
2722
2713
2705
2700
2697
2688
2670
2662
2662
2642
2638
2620
2595
2573
2579
2563
2559
2550
2534
2523
2521
2505
2502
2491
2470
2473
2455
2454
2423
2433
2424
2428
2412
2409
2395
2382
2385
2390
2387
2387
2390
2376
2380
2384
2386
2364
2352
2331
2344
2332
2353
2349
2333
2368
2384
2372
2376
2375
2381
2381
2395
2393
2403
2404
2400
2406
2406
2420
2407
2436
2438
2445
2444
2445
2445
2451
2460
2459
2480
2477
2496
2491
2491
2487
2495
2512
2489
2521
2534
2534
2542
2550
2548
2550
2569
2566
2575
2591
2614
2589
2594
2598
2600
2589
2598
2591
2609
2595
2606
2617
2614
2620
2611
2616
2625
2631
2642
2631
2615
2619
2636
2632
2632
2628
2625
2622
2623
2619
2619
2606
2605
2609
2605
2604
2596
2598
2595
2585
2584
2578
2573
2572
2561
2553
2546
2545
2535
2545
2510
2515
2512
2507
2487
2496
2477
2479
2478
2476
2468
2466
2461
2447
2450
2454
2441
2423
2434
2427
2433
2433
2427
2425
2423
2416
2413
2408
2403
2412
2418
2406
2404
2395
2400
2392
2395
2387
2386
2375
2374
2375
2367
2367
2372
2372
2374
2372
2374
2377
2372
2372
2366
2364
2372
2376
2358
2369
2377
2363
2386
2376
2380
2377
2385
2374
2376
2374
2380
2386
2385
2390
2392
2390
2390
2386
2393
2393
2392
2395
2390
2395
2390
2393
2390
2387
2391
2398
2393
2402
2409
2398
2395
2396
2400
2397
2394
2401
2383
2377
2401
2399
2404
2404
2396
2393
2393
2390
2396
2393
2393
2387
2390
2385
2381
2381
2382
2386
2380
2381
2381
2380
2374
2377
2371
2367
2365
2363
2371
2369
2359
2369
2361
2372
2364
2368
2372
2355
2360
2369
2363
2366
2358
2364
2363
2351
2363
2361
2358
2368
2363
2363
2361
2358
2361
2361
2358
2368
2358
2350
2355
2355
2353
2368
2351
2355
2350
2361
2367
2356
2354
2355
2348
2353
2345
2360
2355
2349
2358
2355
2355
2343
2349
2349
2355
2355
2361
2356
2349
2347
2353
2355
2364
2355
2353
2355
2350
2356
2348
2358
2350
2355
2351
2355
2350
2359
2368
2371
2358
2363
2369
2359
2372
2374
2372
2372
2369
2377
2373
2367
2372
2367
2358
2361
2368
2365
2361
2361
2356
2350
2355
2350
2360
2343
2353
2352
2339
2345
2345
2337
2340
2331
2336
2319
2322
2316
2317
2310
2313
2299
2297
2296
2279
2290
2283
2274
2268
2265
2262
2259
2251
2235
2233
2228
2227
2217
2224
2207
2211
2203
2212
2195
2198
2189
2195
2185
2174
2184
2185
2185
2175
2174
2168
2177
2166
2168
2163
2163
2168
2153
2153
2148
2152
2146
2143
2139
2134
2128
2125
2124
2107
2105
2091
2089
2086
2073
2067
2067
2070
2065
2062
2055
2054
2065
2061
2064
2065
2073
2073
2082
2086
2083
2077
2077
2089
2083
2075
2080
2071
2070
2061
2072
2073
2066
2067
2068
2065
2065
2070
2072
2067
2075
2076
2079
2089
2097
2105
2105
2113
2132
2131
2145
2151
2177
2175
2189
2200
2219
2224
2233
2235
2247
2259
2273
2281
2291
2300
2313
2317
2332
2342
2349
2369
2387
2388
2413
2432
2436
2459
2475
2477
2500
2515
2521
2534
2547
2563
2572
2566
2575
2582
2593
2587
2598
2585
2584
2579
2590
2600
2572
2578
2556
2567
2572
2569
2572
2578
2556
2569
2555
2560
2563
2556
2562
2556
2563
2541
2560
2546
2531
2531
2528
2514
2505
2486
2467
2466
2438
2416
2393
2382
2368
2353
2326
2312
2294
2268
2253
2244
2226
2204
2183
2167
2168
2146
2144
2107
2102
2108
2087
2075
2061
2066
2050
2030
2043
2035
2020
2009
2004
2013
2019
2018
2016
2012
2003
2013
2017
2016
2003
2011
2014
2020
2023
2041
2048
2074
2072
2093
2128
2137
2148
2178
2195
2222
2231
2241
2255
2284
2306
2341
2358
2385
2395
2415
2441
2457
2461
2475
2486
2515
2514
2502
2510
2532
2538
2525
2508
2468
2429
2443
2464
2456
2443
2425
2433
2440
2438
2449
2461
2471
2473
2473
2475
2476
2489
2504
2505
2497
2491
2507
2525
2530
2521
2518
2502
2512
2502
2505
2513
2510
2487
2504
2500
2496
2496
2491
2488
2497
2487
2486
2487
2492
2487
2497
2496
2489
2492
2487
2483
2486
2496
2489
2489
2471
2473
2477
2473
2467
2470
2461
2468
2459
2464
2454
2455
2457
2457
2447
2455
2464
2447
2457
2457
2456
2449
2456
2452
2483
2454
2460
2461
2456
2446
2455
2447
2449
2459
2464
2457
2451
2452
2459
2457
2447
2460
2457
2464
2459
2461
2460
2457
2455
2461
2454
2457
2461
2457
2454
2460
2452
2455
2454
2439
2450
2451
2455
2460
2454
2444
2429
2449
2450
2451
2445
2451
2450
2445
2449
2445
2449
2451
2455
2450
2441
2448
2450
2451
2446
2449
2449
2454
2448
2449
2449
2444
2456
2466
2456
2466
2451
2468
2468
2472
2471
2475
2471
2476
2477
2470
2477
2482
2486
2601
2425
2496
2468
2477
2500
2500
2497
2491
2499
2491
2495
2508
2503
2510
2502
2502
2508
2512
2505
2510
2502
2504
2512
2508
2514
2504
2499
2504
2509
2504
2491
2497
2499
2486
2486
2486
2497
2486
2489
2483
2477
2482
2482
2486
2489
2482
2470
2467
2473
2463
2466
2466
2462
2464
2456
2466
2460
2451
2449
2450
2438
2441
2440
2435
2432
2412
2417
2425
2411
2408
2390
2374
2380
2374
2404
2313
2326
2305
2299
2286
2271
2265
2246
2242
2233
2216
2189
2185
2172
2161
2150
2126
2129
2107
2100
2083
2080
2073
2061
2051
2052
2043
2048
2035
2035
2038
2031
2035
2031
2046
2038
2045
2065
2073
2082
2099
2108
2123
2131
2146
2151
2168
2175
2201
2198
2212
2207
2236
2248
2256
2249
2252
2262
2267
2272
2268
2276
2290
2278
2287
2291
2300
2306
2315
2313
2328
2331
2329
2333
2332
2323
2329
2313
2316
2308
2291
2281
2268
2259
2223
2212
2184
2158
2140
2131
2105
2083
2066
2041
2025
1998
1982
1980
1972
1968
1961
1947
1934
1929
1932
1931
1916
1915
1915
1910
1913
1903
1892
1907
1905
1897
1904
1891
1883
1881
1875
1865
1860
1852
1836
1819
1799
1777
1743
1723
1700
1673
1676
1677
1683
1715
1726
1744
1755
1782
1815
1856
1892
1901
1939
1958
1979
2003
2019
2038
2065
2067
2095
2126
2156
2188
2230
2269
2301
2345
2377
2428
2460
2479
2509
2535
2558
2577
2598
2616
2636
2649
2664
2669
2671
2688
2679
2681
2679
2680
2684
2684
2686
2710
2694
2704
2701
2691
2694
2690
2678
2689
2670
2662
2657
2649
2641
2622
2633
2615
2614
2617
2599
2594
2592
2573
2572
2563
2566
2546
2540
2546
2528
2518
2514
2512
2494
2493
2483
2482
2483
2473
2467
2451
2445
2446
2444
2430
2440
2419
2417
2415
2435
2418
2406
2403
2406
2390
2387
2386
2363
2369
2358
2363
2358
2347
2335
2338
2334
2339
2345
2350
2343
2353
2348
2354
2364
2366
2375
2381
2387
2404
2402
2417
2417
2414
2413
2423
2438
2438
2441
2454
2449
2451
2457
2461
2475
2470
2486
2478
2483
2487
2505
2512
2505
2515
2527
2524
2507
2513
2509
2520
2515
2528
2524
2524
2527
2542
2537
2535
2543
2553
2553
2555
2557
2566
2545
2547
2550
2569
2569
2569
2558
2572
2578
2566
2573
2566
2569
2563
2563
2573
2563
2562
2556
2550
2556
2553
2532
2534
2519
2509
2502
2505
2494
2491
2482
2476
2459
2459
2454
2451
2447
2451
2460
2449
2441
2425
2422
2414
2412
2414
2413
2407
2406
2404
2387
2392
2386
2375
2374
2377
2366
2361
2368
2358
2350
2335
2342
2347
2342
2352
2348
2335
2340
2340
2326
2338
2331
2348
2342
2345
2356
2345
2342
2348
2355
2350
2358
2363
2372
2377
2365
2371
2380
2381
2387
2385
2382
2393
2393
2397
2396
2400
2393
2400
2403
2404
2402
2408
2395
2399
2406
2404
2404
2406
2412
2416
2406
2418
2406
2424
2418
2424
2419
2427
2419
2419
2432
2422
2425
2433
2428
2433
2434
2428
2415
2433
2433
2429
2433
2434
2433
2427
2427
2433
2436
2431
2430
2435
2440
2441
2435
2427
2431
2430
2438
2438
2440
2441
2430
2439
2438
2430
2429
2433
2430
2435
2435
2441
2434
2435
2429
2433
2432
2434
2430
2440
2440
2425
2432
2423
2435
2422
2422
2424
2432
2422
2417
2419
2418
2422
2428
2418
2422
2412
2419
2406
2412
2404
2411
2418
2412
2406
2406
2396
2404
2402
2393
2392
2321
2409
2387
2395
2395
2381
2383
2393
2387
2387
2380
2385
2390
2380
2367
2363
2380
2372
2368
2361
2358
2363
2350
2351
2360
2358
2358
2348
2339
2342
2335
2326
2329
2332
2321
2316
2315
2304
2313
2304
2294
2297
2287
2291
2283
2286
2278
2276
2278
2275
2272
2262
2262
2258
2252
2246
2249
2232
2214
2220
2219
2211
2211
2198
2193
2189
2183
2174
2176
2176
2163
2159
2158
2156
2156
2153
2143
2147
2131
2131
2134
2127
2125
2125
2124
2124
2115
2121
2102
2107
2113
2109
2105
2108
2102
2102
2093
2094
2102
2094
2104
2099
2112
2083
2086
2086
2084
2073
2062
2059
2054
2051
2052
2038
2044
2029
2034
2029
2033
2029
2030
2040
2043
2031
2044
2049
2043
2048
2049
2056
2043
2046
2039
2049
2030
2038
2041
2029
2033
2022
2025
2013
2019
2015
2027
2024
2022
2023
2028
2029
2035
2039
2052
2055
2057
2060
2073
2070
2077
2082
2094
2102
2099
2107
2120
2121
2118
2132
2136
2139
2135
2150
2158
2157
2172
2167
2190
2198
2207
2231
2247
2253
2271
2291
2302
2329
2345
2355
2371
2383
2401
2418
2433
2440
2468
2468
2482
2504
2509
2522
2534
2557
2566
2576
2598
2604
2606
2617
2632
2637
2638
2638
2649
2656
2662
2659
2649
2651
2653
2652
2642
2630
2633
2621
2619
2609
2591
2598
2582
2566
2560
2547
2530
2518
2509
2494
2470
2463
2457
2450
2444
2425
2419
2408
2383
2386
2349
2345
2335
2307
2306
2289
2281
2265
2259
2251
2231
2220
2208
2199
2182
2169
2161
2160
2141
2137
2131
2128
2110
2105
2105
2095
2097
2092
2087
2098
2087
2093
2094
2092
2096
2112
2113
2118
2135
2139
2156
2162
2179
2190
2189
2205
2220
2231
2252
2254
2276
2267
2279
2299
2308
2317
2340
2347
2364
2393
2404
2411
2428
2441
2451
2457
2459
2477
2472
2479
2479
2489
2497
2514
2511
2521
2511
2532
2536
2545
2558
2585
2579
2567
2569
2563
2566
2563
2546
2525
2530
2532
2532
2523
2519
2518
2509
2502
2508
2494
2505
2495
2495
2491
2496
2477
2477
2464
2478
2479
2505
2509
2492
2495
2491
2479
2491
2486
2479
2476
2483
2467
2472
2457
2468
2451
2468
2451
2457
2448
2439
2446
2454
2446
2451
2449
2441
2428
2423
2438
2440
2428
2440
2441
2422
2435
2430
2435
2440
2430
2435
2427
2433
2427
2419
2432
2425
2414
2417
2414
2414
2414
2413
2416
2409
2408
2411
2399
2401
2395
2404
2404
2403
2406
2409
2409
2404
2406
2401
2413
2412
2406
2416
2419
2414
2422
2422
2435
2427
2433
2435
2432
2422
2441
2441
2433
2431
2435
2445
2446
2457
2445
2444
2445
2448
2446
2451
2445
2449
2438
2467
2445
2466
2457
2463
2463
2467
2461
2471
2462
2460
2475
2482
2482
2491
2477
2477
2486
2486
2494
2491
2497
2491
2495
2495
2508
2502
2504
2508
2499
2502
2514
2509
2502
2495
2499
2518
2520
2514
2511
2521
2513
2510
2518
2524
2529
2518
2523
2524
2519
2523
2521
2523
2523
2523
2518
2511
2528
2515
2513
2514
2515
2511
2503
2510
2503
2499
2500
2499
2505
2491
2486
2487
2491
2483
2477
2480
2463
2462
2466
2460
2460
2446
2445
2438
2428
2420
2419
2417
2406
2400
2377
2367
2359
2360
2351
2345
2332
2316
2295
2291
2274
2272
2253
2248
2227
2207
2203
2198
2198
2180
2159
2161
2143
2142
2126
2115
2099
2087
2098
2081
2073
2065
2067
2047
2046
2044
2039
2040
2031
2022
2023
2027
2029
2033
2045
2062
2062
2073
2086
2098
2103
2118
2127
2139
2151
2164
2182
2183
2204
2211
2214
2235
2240
2248
2258
2260
2259
2276
2278
2285
2299
2302
2295
2299
2310
2312
2294
2302
2311
2295
2300
2296
2280
2267
2253
2244
2221
2214
2194
2176
2150
2126
2121
2096
2084
2061
2043
2039
2014
1998
1985
1979
1969
1954
1935
1937
1927
1929
1912
1902
1896
1885
1867
1855
1844
1833
1821
1816
1791
1784
1779
1766
1753
1742
1723
1737
1718
1710
1714
1713
1716
1728
1737
1742
1751
1772
1794
1798
1833
1873
1883
1903
1923
1958
1988
2013
2050
2082
2107
2137
2163
2191
2236
2265
2286
2312
2327
2363
2392
2409
2415
2435
2460
2483
2505
2518
2527
2557
2566
2582
2609
2624
2633
2637
2642
2643
2648
2649
2643
2627
2633
2626
2619
2619
2630
2617
2605
2609
2607
2606
2609
2599
2591
2596
2589
2582
2576
2553
2541
2540
2532
2521
2513
2496
2483
2466
2448
2433
2417
2417
2400
2388
2392
2368
2343
2338
2334
2329
2339
2331
2327
2316
2327
2342
2336
2338
2326
2336
2340
2328
2328
2329
2319
2326
2340
2338
2331
2326
2323
2310
2320
2317
2322
2312
2294
2302
2294
2297
2291
2301
2295
2310
2329
2318
2319
2322
2329
2342
2355
2361
2361
2369
2384
2384
2385
2386
2406
2404
2399
2413
2435
2435
2448
2445
2467
2459
2473
2483
2503
2495
2499
2513
2515
2534
2532
2545
2535
2540
2547
2553
2553
2558
2556
2563
2566
2569
2572
2578
2572
2582
2579
2573
2594
2592
2589
2588
2589
2595
2591
2606
2601
2606
2598
2595
2599
2606
2591
2598
2601
2609
2603
2601
2591
2587
2594
2594
2589
2587
2573
2577
2578
2579
2572
2555
2560
2555
2544
2523
2536
2528
2513
2502
2487
2499
2508
2508
2495
2504
2486
2483
2478
2481
2468
2473
2466
2455
2451
2447
2435
2432
2432
2417
2406
2408
2395
2404
2390
2381
2392
2387
2381
2366
2358
2372
2364
2358
2358
2363
2353
2356
2353
2348
2343
2339
2352
2345
2348
2349
2343
2345
2333
2343
2337
2329
2323
2318
2339
2345
2336
2344
2332
2335
2333
2339
2345
2345
2342
2352
2353
2354
2349
2353
2354
2355
2358
2361
2363
2360
2358
2370
2367
2370
2367
2375
2371
2384
2379
2384
2374
2375
2376
2375
2374
2382
2384
2382
2377
2387
2393
2400
2400
2397
2397
2395
2395
2390
2395
2409
2399
2406
2408
2418
2407
2409
2412
2413
2417
2406
2403
2413
2416
2412
2407
2408
2397
2406
2406
2409
2406
2406
2397
2404
2399
2397
2406
2397
2402
2400
2393
2393
2390
2390
2393
2396
2397
2383
2386
2390
2390
2390
2393
2381
2387
2393
2382
2386
2387
2381
2374
2381
2385
2371
2376
2371
2379
2371
2374
2367
2377
2380
2384
2374
2377
2367
2381
2379
2379
2377
2377
2382
2374
2381
2388
2387
2382
2392
2386
2393
2387
2387
2381
2381
2390
2397
2390
2395
2401
2390
2401
2395
2387
2395
2391
2395
2391
2390
2392
2391
2393
2400
2385
2381
2382
2390
2387
2380
2393
2387
2374
2374
2372
2382
2385
2380
2371
2374
2374
2372
2377
2371
2369
2376
2358
2361
2369
2355
2354
2342
2353
2339
2344
2338
2332
2332
2326
2323
2322
2312
2294
2302
2296
2294
2279
2290
2285
2278
2276
2267
2262
2262
2262
2258
2249
2246
2249
2243
2235
2230
2235
2231
2227
2223
2227
2225
2220
2217
2207
2214
2208
2198
2189
2198
2201
2185
2183
2185
2188
2187
2182
2186
2172
2171
2169
2162
2165
2148
2148
2140
2132
2132
2124
2120
2121
2116
2110
2112
2117
2111
2125
2131
2131
2139
2148
2141
2144
2148
2153
2153
2143
2147
2147
2153
2145
2141
2141
2148
2137
2134
2137
2139
2132
2134
2139
2139
2143
2153
2150
2162
2166
2162
2174
2188
2198
2198
2217
2214
2232
2237
2239
2257
2265
2268
2278
2281
2288
2288
2291
2300
2302
2307
2313
2326
2332
2331
2358
2358
2393
2383
2409
2412
2440
2476
2456
2473
2488
2514
2520
2523
2544
2560
2561
2572
2588
2589
2601
2605
2614
2625
2624
2615
2625
2615
2614
2598
2603
2588
2582
2571
2560
2540
2531
2524
2509
2500
2489
2482
2461
2454
2433
2419
2399
2391
2377
2355
2342
2340
2323
2305
2285
2269
2265
2251
2243
2221
2216
2196
2193
2172
2163
2155
2141
2115
2093
2077
2067
2059
2035
2025
2019
2011
1997
1987
1969
1976
1967
1968
1961
1964
1947
1960
1958
1961
1956
1963
1965
1971
1974
1977
1977
1981
1997
2003
2003
2015
2027
2030
2048
2066
2071
2081
2098
2112
2119
2150
2169
2180
2193
2216
2227
2222
2233
2262
2265
2275
2287
2308
2336
2332
2349
2363
2384
2401
2434
2451
2477
2491
2524
2526
2523
2524
2509
2528
2509
2509
2505
2487
2476
2468
2461
2476
2468
2476
2481
2486
2486
2482
2470
2463
2470
2464
2460
2455
2462
2465
2470
2473
2473
2480
2481
2471
2473
2478
2480
2472
2473
2475
2476
2467
2461
2466
2461
2464
2447
2456
2446
2444
2445
2449
2438
2435
2423
2427
2427
2425
2415
2419
2422
2420
2416
2407
2408
2408
2411
2406
2406
2402
2404
2409
2397
2397
2397
2400
2396
2400
2387
2393
2383
2395
2396
2395
2396
2392
2395
2395
2391
2391
2393
2387
2390
2400
2397
2393
2395
2396
2395
2402
2402
2406
2393
2403
2411
2399
2406
2412
2407
2419
2425
2424
2425
2419
2422
2433
2434
2422
2427
2441
2440
2431
2440
2440
2438
2435
2441
2454
2450
2446
2456
2457
2446
2460
2455
2454
2456
2460
2461
2464
2467
2468
2462
2483
2482
2482
2487
2483
2486
2478
2481
2481
2487
2478
2479
2492
2483
2500
2491
2495
2505
2495
2508
2516
2518
2514
2521
2523
2518
2533
2534
2530
2532
2523
2534
2537
2523
2534
2528
2534
2539
2529
2536
2531
2537
2536
2539
2552
2546
2540
2540
2556
2541
2550
2563
2550
2563
2564
2561
2557
2551
2564
2558
2569
2561
2564
2551
2563
2562
2560
2563
2553
2550
2541
2545
2536
2534
2525
2540
2532
2510
2518
2509
2502
2513
2491
2491
2491
2478
2478
2481
2471
2482
2470
2466
2466
2454
2446
2454
2444
2441
2431
2423
2417
2418
2412
2406
2391
2402
2384
2372
2372
2363
2350
2361
2345
2339
2329
2318
2317
2305
2288
2276
2262
2243
2233
2223
2212
2195
2169
2163
2153
2125
2107
2102
2083
2076
2067
2060
2051
2038
2041
2038
2023
2042
2030
2040
2038
2029
2030
2035
2035
2041
2048
2043
2060
2065
2070
2083
2089
2089
2102
2103
2111
2114
2118
2131
2139
2148
2160
2157
2163
2167
2179
2190
2195
2203
2205
2228
2231
2236
2244
2253
2265
2258
2274
2265
2273
2272
2272
2253
2244
2236
2227
2211
2195
2174
2153
2139
2136
2121
2111
2105
2105
2097
2088
2096
2091
2093
2102
2099
2094
2105
2116
2116
2108
2116
2121
2129
2131
2137
2121
2103
2098
2073
2060
2041
2030
2009
2007
1985
1980
1958
1934
1929
1885
1862
1833
1795
1757
1739
1709
1692
1667
1659
1650
1643
1636
1632
1619
1634
1641
1664
1683
1689
1721
1745
1764
1776
1804
1815
1847
1881
1921
1956
2000
2041
2092
2137
2183
2244
2285
2342
2396
2430
2483
2509
2543
2575
2617
2642
2670
2691
2704
2724
2735
2743
2755
2770
2769
2777
2797
2795
2783
2790
2784
2790
2784
2784
2777
2771
2770
2779
2774
2766
2776
2772
2743
2748
2747
2727
2724
2718
2711
2700
2698
2701
2689
2681
2655
2653
2668
2642
2632
2631
2630
2611
2610
2601
2589
2589
2595
2577
2567
2550
2542
2540
2529
2521
2518
2521
2504
2482
2467
2459
2460
2446
2435
2427
2422
2412
2411
2393
2367
2363
2349
2352
2342
2331
2322
2319
2310
2328
2313
2296
2297
2289
2286
2271
2291
2284
2284
2294
2289
2286
2306
2307
2313
2313
2318
2324
2331
2338
2340
2349
2349
2361
2368
2369
2371
2380
2385
2390
2392
2400
2395
2409
2420
2408
2412
2417
2417
2419
2414
2425
2426
2436
2434
2444
2448
2449
2446
2447
2468
2449
2464
2460
2463
2459
2470
2482
2463
2463
2467
2477
2477
2482
2483
2496
2487
2491
2489
2507
2508
2512
2491
2499
2500
2509
2519
2502
2481
2499
2531
2530
2532
2500
2470
2483
2515
2491
2518
2515
2505
2486
2494
2521
2524
2518
2510
2519
2534
2496
2521
2507
2467
2478
2451
2489
2459
2461
2439
2406
2441
2422
2408
2496
2413
2419
2433
2440
2446
2390
2348
2403
2483
2395
2353
2379
2403
2393
2367
2393
2349
2388
2369
2422
2349
2352
2342
2424
2363
2339
2326
2372
2396
2368
2318
2400
2390
2419
2335
2404
2329
2340
2427
2413
2355
2342
2360
2333
2308
2354
2353
2310
2321
2329
2344
2310
2311
2333
2361
2385
2396
2397
2340
2360
2342
2374
2418
2375
2367
2359
2435
2433
2395
2344
2361
2392
2402
2384
2390
2344
2355
2393
2369
2339
2331
2320
2323
2332
2295
2310
2297
2329
2305
2290
2302
2321
2396
2358
2395
2374
2414
2393
2412
2435
2407
2420
2416
2413
2418
2391
2407
2393
2386
2385
2363
2374
2363
2368
2376
2374
2386
2392
2381
2392
2390
2387
2400
2392
2397
2397
2416
2412
2409
2412
2412
2409
2412
2416
2411
2406
2403
2397
2403
2404
2404
2411
2406
2412
2407
2411
2407
2419
2399
2417
2412
2422
2412
2414
2413
2407
2416
2414
2413
2419
2413
2414
2407
2409
2417
2417
2422
2424
2419
2423
2430
2435
2427
2423
2423
2430
2440
2432
2422
2423
2428
2422
2432
2423
2433
2433
2407
2422
2413
2417
2418
2406
2413
2416
2417
2408
2414
2407
2403
2406
2401
2390
2383
2387
2375
2386
2372
2373
2369
2356
2348
2343
2326
2332
2322
2329
2310
2295
2301
2304
2285
2289
2284
2285
2279
2275
2272
2254
2262
2260
2253
2259
2244
2242
2241
2236
2237
2232
2224
2215
2214
2210
2210
2203
2199
2196
2206
2190
2195
2200
2195
2194
2194
2177
2175
2174
2174
2172
2176
2169
2163
2163
2176
2171
2166
2159
2176
2169
2171
2179
2173
2179
2188
2190
2193
2185
2201
2189
2202
2198
2198
2205
2206
2198
2196
2194
2195
2187
2182
2187
2195
2178
2179
2167
2178
2176
2173
2179
2184
2188
2157
2179
2182
2176
2174
2176
2179
2210
2148
2176
2151
2157
2150
2155
2161
2151
2141
2135
2129
2127
2130
2126
2119
2129
2123
2120
2112
2111
2110
2102
2113
2113
2111
2119
2124
2124
2121
2137
2146
2143
2156
2156
2160
2164
2159
2167
2180
2175
2193
2182
2194
2193
2201
2210
2209
2217
2222
2230
2248
2246
2256
2262
2281
2283
2297
2308
2328
2335
2348
2365
2377
2387
2400
2429
2445
2457
2483
2477
2505
2523
2527
2547
2557
2582
2594
2603
2605
2628
2622
2633
2630
2646
2636
2627
2622
2628
2625
2620
2604
2595
2589
2593
2576
2561
2539
2531
2518
2499
2487
2468
2468
2441
2432
2409
2393
2358
2342
2318
2301
2289
2259
2296
2209
2184
2184
2183
2168
2143
2146
2141
2131
2115
2111
2116
2107
2088
2070
2080
2065
2061
2054
2041
2043
2044
2030
2034
2025
2012
2006
1998
1997
1976
1977
1968
1961
1960
1969
1961
1977
1977
1976
1977
1979
2006
2014
2028
2031
2041
2055
2075
2099
2121
2124
2134
2161
2174
2179
2196
2212
2220
2231
2248
2262
2281
2288
2285
2290
2285
2304
2313
2322
2317
2338
2343
2353
2355
2386
2401
2416
2419
2414
2415
2429
2423
2432
2436
2434
2440
2441
2432
2429
2432
2442
2441
2435
2434
2430
2430
2419
2422
2422
2430
2448
2464
2480
2476
2478
2479
2486
2489
2496
2486
2478
2477
2479
2483
2478
2481
2471
2477
2470
2461
2467
2464
2460
2454
2457
2459
2454
2456
2450
2448
2446
2450
2451
2435
2441
2444
2438
2444
2438
2435
2431
2440
2436
2439
2440
2440
2436
2430
2431
2441
2441
2423
2427
2429
2433
2438
2440
2442
2444
2443
2440
2444
2441
2441
2448
2445
2449
2434
2444
2439
2448
2439
2454
2441
2449
2440
2423
2445
2449
2450
2445
2454
2454
2451
2445
2449
2439
2444
2445
2449
2445
2438
2444
2447
2449
2448
2450
2446
2443
2446
2441
2444
2439
2448
2438
2430
2441
2448
2449
2438
2444
2444
2439
2439
2440
2430
2443
2438
2439
2448
2449
2438
2449
2441
2441
2443
2444
2444
2441
2439
2443
2449
2449
2452
2450
2449
2450
2459
2445
2452
2459
2464
2456
2454
2457
2457
2447
2462
2457
2451
2468
2462
2459
2467
2468
2463
2468
2468
2467
2467
2463
2471
2463
2472
2476
2473
2475
2471
2476
2482
2470
2483
2481
2480
2471
2470
2477
2470
2472
2461
2468
2454
2454
2451
2456
2435
2431
2433
2427
2422
2412
2412
2407
2402
2398
2390
2381
2381
2380
2376
2358
2369
2351
2356
2354
2349
2342
2342
2335
2331
2331
2323
2321
2310
2324
2320
2307
2312
2295
2294
2297
2286
2278
2278
2276
2268
2269
2257
2252
2254
2235
2240
2236
2224
2215
2210
2203
2190
2189
2188
2184
2172
2176
2169
2164
2158
2164
2157
2162
2153
2155
2146
2147
2141
2147
2148
2143
2151
2150
2156
2158
2166
2168
2176
2179
2189
2199
2217
2224
2233
2239
2246
2251
2254
2265
2276
2269
2274
2276
2275
2290
2290
2288
2275
2275
2281
2281
2281
2267
2271
2281
2279
2277
2281
2276
2281
2267
2255
2257
2264
2258
2248
2231
2236
2226
2219
2194
2192
2186
2172
2168
2162
2151
2147
2148
2156
2153
2143
2143
2144
2137
2121
2121
2107
2086
2062
2054
2023
2006
1988
1943
1918
1896
1871
1842
1817
1789
1769
1752
1729
1704
1682
1663
1634
1620
1609
1601
1600
1586
1579
1595
1619
1654
1702
1732
1766
1805
1841
1885
1923
1965
1999
2061
2095
2137
2168
2198
2244
2279
2329
2379
2424
2444
2476
2504
2523
2560
2584
2614
2632
2638
2660
2669
2694
2704
2713
2717
2733
2734
2732
2747
2764
2759
2769
2766
2765
2786
2779
2779
2786
2788
2784
2777
2786
2784
2772
2765
2756
2748
2753
2732
2719
2715
2694
2684
2681
2659
2651
2633
2617
2598
2590
2578
2567
2551
2531
2529
2510
2491
2478
2481
2467
2451
2451
2422
2433
2428
2416
2409
2383
2384
2376
2368
2353
2349
2342
2333
2329
2319
2326
2317
2310
2294
2294
2270
2270
2276
2267
2248
2249
2253
2258
2249
2252
2243
2241
2251
2249
2249
2238
2246
2253
2251
2249
2253
2259
2262
2284
2281
2286
2301
2312
2313
2326
2322
2336
2340
2339
2361
2359
2377
2382
2393
2396
2399
2404
2418
2425
2434
2441
2438
2454
2473
2481
2486
2489
2495
2499
2512
2510
2509
2515
2521
2515
2532
2527
2540
2545
2544
2540
2552
2562
2563
2553
2553
2553
2542
2556
2552
2553
2540
2540
2550
2553
2546
2540
2534
2534
2527
2536
2530
2532
2532
2509
2510
2511
2514
2514
2513
2514
2502
2495
2497
2493
2486
2479
2475
2468
2468
2466
2459
2444
2448
2441
2440
2415
2413
2425
2412
2403
2395
2387
2386
2387
2374
2374
2377
2363
2358
2364
2355
2333
2335
2331
2336
2340
2323
2320
2322
2313
2313
2303
2322
2313
2306
2310
2305
2308
2316
2313
2323
2313
2304
2303
2321
2329
2328
2321
2323
2332
2329
2347
2339
2347
2356
2342
2358
2351
2368
2377
2366
2372
2380
2377
2387
2381
2390
2390
2310
2385
2409
2407
2414
2403
2412
2412
2418
2414
2422
2425
2428
2423
2423
2435
2430
2433
2438
2441
2443
2438
2446
2450
2454
2460
2457
2464
2447
2457
2459
2459
2451
2464
2459
2447
2460
2454
2455
2454
2460
2464
2464
2445
2451
2459
2445
2451
2446
2444
2445
2450
2444
2430
2433
2441
2435
2430
2422
2422
2425
2425
2425
2418
2407
2407
2408
2397
2399
2397
2397
2390
2393
2387
2382
2387
2375
2379
2380
2384
2366
2375
2374
2374
2369
2369
2367
2360
2368
2363
2366
2371
2372
2363
2361
2367
2355
2364
2355
2354
2352
2355
2354
2349
2361
2348
2349
2340
2339
2344
2333
2333
2337
2340
2343
2339
2332
2339
2343
2348
2342
2342
2343
2353
2351
2350
2350
2350
2351
2363
2358
2363
2363
2361
2363
2376
2366
2371
2368
2363
2366
2372
2369
2363
2377
2365
2363
2355
2363
2366
2358
2358
2350
2355
2363
2350
2348
2343
2338
2339
2332
2328
2326
2321
2317
2300
2302
2305
2297
2294
2289
2285
2284
2280
2262
2265
2254
2249
2246
2241
2236
2225
2222
2214
2214
2208
2199
2182
2188
2186
2184
2172
2169
2169
2157
2157
2160
2152
2153
2143
2144
2139
2137
2141
2134
2139
2134
2137
2137
2131
2137
2144
2139
2142
2150
2147
2151
2163
2158
2171
2175
2175
2187
2183
2185
2190
2201
2205
2213
2219
2220
2217
2227
2230
2240
2245
2244
2257
2252
2253
2252
2253
2247
2262
2255
2256
2259
2255
2254
2254
2265
2267
2267
2269
2279
2286
2289
2294
2286
2294
2294
2297
2287
2286
2294
2285
2285
2286
2283
2278
2269
2268
2274
2269
2268
2265
2255
2265
2262
2253
2254
2252
2254
2265
2259
2267
2265
2267
2276
2278
2278
2281
2276
2267
2269
2267
2270
2276
2263
2260
2255
2259
2256
2259
2257
2259
2265
2267
2269
2272
2285
2278
2306
2302
2302
2316
2331
2340
2348
2363
2377
2367
2395
2390
2399
2403
2433
2448
2454
2472
2481
2481
2505
2508
2528
2527
2545
2547
2555
2576
2566
2583
2586
2589
2592
2582
2587
2583
2572
2568
2561
2562
2560
2547
2540
2540
2534
2513
2502
2486
2492
2473
2460
2445
2438
2422
2414
2408
2375
2363
2352
2332
2307
2298
2268
2253
2236
2214
2195
2166
2152
2121
2130
2108
2090
2075
2059
2035
2024
2009
1999
1988
1977
1960
1945
1948
1945
1945
1944
1927
1911
1915
1926
1932
1926
1931
1918
1927
1910
1912
1911
1918
1918
1939
1945
1960
1972
1988
1993
2000
1990
2006
2006
2019
2025
2041
2054
2054
2062
2079
2104
2118
2150
2195
2220
2232
2222
2241
2255
2258
2276
2283
2304
2323
2342
2361
2387
2390
2393
2395
2393
2390
2393
2397
2404
2406
2413
2419
2417
2418
2422
2430
2445
2449
2452
2449
2444
2441
2438
2435
2431
2435
2441
2468
2478
2478
2496
2488
2491
2478
2479
2489
2483
2486
2483
2479
2483
2482
2491
2486
2478
2489
2483
2473
2473
2474
2473
2457
2461
2459
2460
2464
2460
2457
2450
2449
2439
2446
2445
2445
2447
2450
2444
2445
2430
2439
2446
2448
2431
2439
2441
2450
2443
2443
2435
2435
2441
2435
2423
2430
2436
2436
2430
2438
2422
2431
2441
2425
2441
2427
2435
2438
2430
2425
2422
2427
2428
2432
2422
2415
2428
2417
2432
2423
2429
2423
2433
2433
2440
2432
2433
2425
2413
2424
2409
2422
2425
2414
2419
2427
2413
2419
2419
2422
2425
2422
2419
2432
2423
2429
2423
2422
2425
2432
2431
2428
2433
2430
2435
2441
2439
2450
2451
2452
2451
2447
2458
2457
2461
2468
2476
2477
2478
2477
2486
2481
2491
2499
2505
2507
2500
2508
2502
2511
2510
2515
2518
2521
2519
2520
2525
2526
2532
2525
2532
2523
2536
2535
2541
2544
2537
2533
2537
2539
2527
2532
2525
2527
2527
2531
2537
2528
2532
2527
2536
2534
2534
2534
2531
2527
2525
2525
2529
2510
2515
2528
2510
2520
2508
2514
2515
2513
2520
2507
2508
2507
2510
2508
2504
2495
2508
2500
2512
2500
2500
2491
2497
2486
2496
2491
2487
2478
2481
2468
2463
2473
2466
2447
2445
2445
2432
2406
2397
2397
2390
2380
2361
2354
2331
2321
2305
2288
2289
2263
2260
2235
2230
2216
2207
2204
2190
2182
2172
2169
2166
2158
2160
2146
2153
2139
2140
2146
2134
2144
2139
2140
2131
2139
2129
2137
2145
2160
2161
2163
2176
2184
2198
2212
2222
2227
2256
2262
2269
2284
2301
2312
2320
2324
2333
2345
2345
2354
2358
2358
2348
2361
2355
2349
2338
2322
2310
2291
2281
2257
2244
2225
2224
2208
2195
2182
2192
2177
2177
2168
2153
2143
2148
2149
2131
2119
2120
2100
2096
2082
2061
2041
2025
2020
1991
1977
1972
1947
1936
1919
1905
1881
1862
1841
1827
1809
1792
1769
1752
1734
1715
1689
1676
1668
1646
1638
1632
1625
1638
1635
1639
1659
1676
1689
1709
1731
1764
1798
1842
1871
1912
1947
1977
2008
2032
2061
2094
2111
2144
2166
2201
2212
2227
2248
2262
2284
2289
2304
2311
2329
2344
2355
2358
2367
2386
2392
2390
2393
2412
2419
2406
2406
2404
2395
2395
2404
2406
2406
2412
2413
2419
2427
2438
2441
2448
2444
2450
2451
2456
2464
2462
2457
2455
2454
2464
2466
2464
2454
2460
2464
2457
2461
2457
2451
2457
2451
2445
2457
2454
2444
2444
2440
2448
2441
2438
2428
2418
2425
2415
2407
2416
2416
2406
2409
2399
2396
2390
2393
2397
2396
2386
2375
2377
2365
2376
2392
2396
2380
2379
2379
2384
2377
2371
2377
2377
2384
2382
2381
2375
2387
2406
2406
2428
2420
2434
2435
2442
2435
2438
2451
2447
2447
2457
2454
2456
2451
2456
2457
2445
2461
2460
2457
2454
2468
2473
2476
2482
2478
2477
2478
2477
2492
2486
2491
2491
2497
2497
2504
2491
2500
2504
2498
2500
2493
2495
2502
2504
2493
2497
2504
2497
2492
2487
2500
2500
2489
2504
2491
2491
2500
2497
2486
2477
2483
2473
2484
2489
2478
2480
2470
2470
2475
2476
2467
2470
2463
2467
2466
2470
2464
2457
2457
2459
2464
2451
2460
2439
2440
2435
2423
2422
2425
2417
2406
2416
2399
2399
2406
2399
2397
2397
2400
2396
2393
2391
2393
2383
2392
2380
2384
2385
2387
2374
2388
2385
2387
2371
2387
2377
2385
2377
2367
2369
2373
2369
2372
2367
2363
2365
2351
2361
2363
2376
2363
2363
2361
2369
2369
2372
2371
2372
2372
2359
2374
2370
2363
2371
2359
2372
2364
2359
2366
2375
2363
2376
2374
2374
2375
2376
2381
2384
2367
2380
2385
2381
2387
2385
2393
2382
2388
2390
2388
2395
2386
2393
2387
2385
2382
2402
2393
2396
2400
2395
2392
2397
2401
2400
2396
2397
2400
2404
2401
2393
2393
2394
2396
2404
2396
2408
2395
2406
2393
2395
2397
2396
2400
2404
2395
2400
2390
2392
2395
2395
2393
2390
2396
2395
2395
2387
2381
2396
2383
2387
2381
2383
2386
2380
2374
2377
2377
2370
2363
2361
2372
2363
2363
2361
2358
2353
2348
2350
2342
2355
2352
2344
2331
2340
2340
2336
2336
2332
2326
2332
2329
2318
2329
2302
2324
2316
2323
2313
2313
2310
2313
2317
2316
2308
2310
2313
2313
2318
2316
2329
2311
2316
2318
2317
2329
2323
2322
2322
2323
2326
2326
2329
2323
2323
2324
2329
2332
2332
2333
2326
2334
2331
2344
2339
2340
2331
2337
2340
2332
2340
2344
2339
2339
2342
2344
2345
2347
2349
2349
2348
2348
2345
2342
2339
2339
2343
2335
2339
2339
2340
2345
2333
2342
2338
2338
2344
2336
2326
2340
2334
2332
2332
2333
2323
2323
2326
2324
2327
2330
2323
2326
2329
2323
2329
2326
2321
2327
2323
2333
2331
2340
2331
2326
2329
2326
2319
2329
2326
2326
2326
2323
2333
2330
2324
2326
2329
2332
2337
2333
2336
2337
2338
2339
2344
2340
2342
2344
2339
2333
2344
2340
2345
2345
2333
2348
2340
2348
2342
2342
2342
2348
2348
2354
2361
2355
2353
2358
2352
2369
2358
2361
2365
2361
2370
2359
2376
2363
2371
2377
2372
2372
2371
2377
2359
2363
2364
2372
2358
2369
2359
2363
2364
2361
2370
2368
2363
2358
2368
2358
2372
2361
2361
2359
2359
2359
2355
2358
2369
2358
2363
2358
2358
2358
2372
2363
2363
2377
2372
2374
2369
2372
2363
2370
2374
2365
2369
2380
2384
2367
2384
2387
2374
2374
2376
2376
2385
2387
2386
2384
2387
2380
2392
2387
2390
2381
2377
2390
2393
2383
2390
2396
2390
2400
2397
2395
2397
2403
2403
2395
2407
2406
2417
2416
2407
2420
2414
2413
2425
2425
2428
2428
2428
2422
2433
2435
2437
2441
2433
2450
2438
2438
2445
2444
2450
2451
2443
2446
2445
2444
2446
2444
2442
2433
2434
2433
2429
2433
2415
2425
2427
2413
2416
2409
2417
2412
2413
2406
2406
2399
2400
2402
2393
2382
2387
2386
2379
2376
2363
2364
2361
2368
2349
2353
2354
2345
2340
2336
2331
2331
2323
2320
2307
2310
2313
2313
2304
2308
2286
2291
2286
2294
2278
2278
2291
2290
2294
2285
2297
2285
2284
2284
2289
2290
2286
2285
2284
2278
2289
2297
2300
2294
2294
2304
2301
2297
2310
2307
2308
2313
2316
2313
2317
2326
2323
2330
2326
2331
2339
2338
2342
2342
2348
2352
2345
2353
2355
2349
2359
2361
2355
2351
2368
2374
2371
2380
2367
2376
2371
2382
2386
2385
2388
2384
2385
2393
2374
2382
2387
2375
2377
2385
2386
2382
2380
2375
2374
2380
2379
2379
2377
2380
2374
2377
2386
2377
2376
2377
2376
2371
2377
2367
2363
2358
2361
2365
2372
2358
2364
2358
2350
2363
2353
2360
2355
2353
2343
2347
2348
2345
2348
2345
2335
2342
2342
2344
2339
2339
2348
2347
2348
2326
2344
2333
2331
2338
2335
2345
2347
2335
2344
2342
2342
2340
2339
2331
2344
2339
2338
2335
2339
2335
2339
2344
2338
2335
2345
2339
2345
2354
2348
2343
2349
2353
2348
2349
2354
2355
2351
2355
2359
2359
2363
2364
2364
2364
2358
2372
2368
2368
2376
2360
2358
2361
2372
2367
2358
2376
2377
2377
2367
2358
2376
2367
2380
2377
2377
2365
2371
2369
2366
2366
2366
2372
2369
2359
2373
2363
2363
2363
2372
2377
2363
2376
2363
2364
2367
2367
2376
2369
2372
2367
2369
2371
2366
2384
2380
2371
2371
2384
2376
2377
2374
2374
2367
2381
2375
2387
2375
2381
2375
2371
2377
2374
2376
2367
2375
2367
2374
2376
2366
2374
2367
2367
2369
2363
2359
2368
2358
2355
2371
2364
2361
2353
2351
2361
2363
2355
2350
2353
2353
2359
2356
2355
2342
2351
2349
2348
2347
2344
2352
2345
2347
2350
2348
2347
2349
2352
2348
2335
2342
2349
2342
2345
2335
2346
2349
2342
2342
2343
2353
2345
2353
2356
2353
2351
2353
2350
2355
2358
2361
2358
2355
2358
2350
2368
2368
2363
2369
2358
2369
2359
2364
2359
2359
2372
2369
2373
2369
2363
2376
2376
2374
2376
2374
2377
2367
2371
2374
2365
2371
2380
2377
2374
2377
2374
2377
2387
2388
2377
2384
2386
2377
2379
2380
2374
2377
2386
2385
2387
2375
2382
2382
2380
2381
2367
2380
2367
2380
2374
2371
2374
2377
2377
2377
2367
2371
2375
2372
2366
2375
2372
2368
2377
2365
2366
2372
2372
2374
2369
2359
2358
2358
2358
2359
2355
2363
2361
2364
2355
2350
2350
2350
2355
2358
2351
2350
2345
2353
2349
2354
2348
2343
2342
2343
2353
2342
2353
2354
2353
2343
2343
2345
2343
2354
2345
2349
2349
2351
2339
2349
2343
2359
2345
2354
2355
2355
2355
2355
2349
2356
2349
2350
2355
2358
2361
2355
2358
2364
2359
2364
2351
2364
2361
2368
2358
2351
2354
2368
2359
2355
2364
2358
2363
2363
2363
2372
2363
2368
2358
2363
2369
2358
2359
2369
2368
2355
2368
2358
2363
2366
2368
2368
2359
2366
2368
2371
2363
2369
2372
2358
2364
2368
2370
2359
2355
2363
2363
2374
2376
2366
2368
2363
2358
2369
2372
2363
2368
2369
2359
2373
2363
2359
2368
2368
2363
2363
2368
2358
2358
2362
2355
2349
2353
2364
2360
2355
2363
2342
2350
2343
2358
2368
2350
2360
2354
2350
2353
2348
2358
2348
2351
2359
2354
2354
2350
2355
2355
2348
2361
2348
2354
2355
2355
2349
2350
2355
2358
2361
2355
2348
2349
2355
2355
2361
2368
2358
2368
2358
2352
2358
2369
2361
2350
2355
2352
2349
2352
2361
2352
2353
2355
2342
2360
2354
2348
2355
2349
2348
2342
2358
2348
2352
2349
2348
2342
2349
2353
2353
2353
2356
2348
2343
2353
2354
2342
2350
2353
2355
2355
2350
2350
2358
2354
2361
2355
2350
2342
2361
2361
2364
2355
2355
2361
2361
2353
2360
2350
2351
2358
2360
2350
2359
2361
2351
2355
2363
2361
2355
2355
2361
2369
2358
2363
2361
2358
2358
2361
2355
2368
2361
2353
2355
2359
2358
2363
2361
2361
2355
2361
2350
2351
2362
2364
2358
2355
2356
2353
2364
2351
2355
2359
2355
2350
2358
2360
2355
2361
2358
2363
2354
2351
2358
2361
2351
2364
2359
2361
2351
2363
2358
2353
2349
2358
2364
2358
2360
2361
2360
2356
2359
2348
2361
2353
2353
2343
2355
2349
2350
2349
2352
2353
2355
2339
2349
2353
2348
2345
2342
2350
2347
2348
2345
2349
2342
2342
2349
2339
2335
2345
2349
2352
2347
2341
2345
2334
2343
2350
2352
2339
2348
2348
2350
2348
2354
2355
2355
2355
2349
2360
2355
2354
2354
2350
2355
2349
2354
2355
2349
2342
2353
2350
2351
2349
2353
2348
2352
2347
2353
2342
2343
2348
2353
2342
2350
2342
2350
2349
2354
2353
2353
2351
2355
2352
2347
2350
2354
2354
2342
2345
2348
2356
2354
2349
2348
2342
2348
2354
2345
2342
2348
2353
2335
2354
2342
2342
2355
2349
2348
2349
2354
2348
2339
2348
2342
2348
2347
2334
2352
2334
2335
2342
2344
2345
2344
2335
2342
2348
2345
2340
2348
2339
2339
2332
2336
2345
2346
2339
2340
2340
2339
2333
2345
2342
2342
2348
2335
2340
2352
2342
2339
2348
2342
2348
2341
2342
2345
2342
2344
2342
2345
2352
2352
2347
2349
2356
2343
2348
2352
2354
2343
2348
2349
2342
2353
2349
2335
2345
2348
2348
2345
2342
2349
2350
2342
2342
2345
2339
2345
2343
2344
2350
2345
2334
2343
2343
2344
2343
2335
2344
2342
2345
2339
2339
2352
2342
2348
2342
2342
2352
2342
2343
2342
2331
2347
2345
2347
2342
2352
2347
2353
2339
2343
2347
2352
2348
2353
2349
2354
2342
2351
2349
2339
2350
2343
2355
2353
2350
2358
2355
2355
2349
2355
2355
2349
2358
2358
2354
2361
2349
2358
2343
2351
2361
2355
2368
2349
2350
2358
2361
2361
2361
2364
2353
2358
2350
2350
2343
2361
2353
2356
2349
2353
2350
2355
2350
2354
2355
2361
2353
2352
2358
2354
2349
2348
2342
2355
2355
2353
2358
2355
2349
2355
2345
2355
2350
2360
2363
2354
2358
2349
2342
2342
2349
2355
2361
2350
2355
2360
2358
2348
2368
2351
2358
2363
2363
2355
2361
2358
2358
2351
2358
2355
2358
2358
2364
2360
2355
2361
2355
2361
2368
2361
2363
2361
2358
2361
2361
2361
2359
2349
2368
2361
2363
2355
2358
2361
2355
2366
2370
2361
2361
2350
2350
2358
2358
2368
2359
2358
2359
2369
2363
2363
2361
2363
2363
2355
2361
2363
2359
2358
2360
2358
2349
2361
2355
2358
2358
2349
2355
2358
2349
2364
2353
2355
2353
2353
2363
2359
2358
2356
2348
2350
2355
2363
2360
2355
2355
2351
2351
2355
2355
2360
2349
2350
2354
2348
2352
2355
2349
2343
2353
2361
2348
2342
2358
2348
2353
2355
2342
2348
2343
2358
2349
2353
2342
2349
2353
2343
2353
2354
2353
2354
2349
2355
2348
2342
2348
2353
2342
2348
2348
2348
2348
2356
2350
2342
2343
2333
2348
2350
2343
2345
2342
2342
2353
2355
2345
2333
2343
2342
2344
2340
2335
2333
2343
2343
2339
2340
2335
2339
2345
2339
2338
2342
2340
2343
2342
2339
2335
2349
2339
2339
2342
2348
2345
2343
2349
2342
2348
2345
2345
2334
2345
2349
2342
2345
2356
2349
2352
2348
2349
2355
2342
2348
2348
2349
2353
2358
2342
2355
2352
2353
2345
2352
2348
2335
2349
2351
2355
2355
2355
2348
2348
2343
2342
2355
2342
2354
2352
2349
2352
2343
2354
2350
2347
2355
2349
2343
2361
2348
2347
2349
2358
2343
2358
2343
2342
2353
2353
2353
2354
2351
2354
2354
2354
2349
2352
2349
2353
2343
2350
2354
2343
2354
2350
2354
2350
2361
2350
2343
2342
2349
2349
2345
2342
2348
2350
2350
2349
2354
2349
2360
2353
2348
2342
2351
2355
2343
2350
2353
2343
2349
2342
2354
2353
2349
2349
2355
2354
2355
2353
2354
2354
2343
2350
2349
2347
2350
2354
2355
2350
2355
2355
2347
2352
2354
2351
2353
2350
2358
2355
2351
2348
2361
2364
2358
2353
2354
2355
2351
2353
2350
2360
2358
2353
2361
2358
2351
2359
2358
2355
2353
2358
2358
2358
2361
2351
2355
2361
2358
2351
2361
2362
2358
2355
2349
2361
2368
2364
2355
2358
2358
2358
2361
2350
2372
2361
2355
2358
2355
2361
2358
2356
2349
2349
2354
2351
2360
2356
2349
2355
2354
2364
2354
2350
2349
2360
2361
2361
2343
2350