3662
3680
3654
3662
3673
3682
3673
3647
3686
3662
3680
3666
3639
3660
3656
3657
3666
3665
3657
3660
3643
3673
3647
3657
3643
3660
3643
3661
3641
3652
3635
3630
3644
3660
3654
3670
3667
3656
3652
3643
3660
3652
3657
3652
3652
3657
3660
3643
3661
3654
3643
3648
3639
3650
3657
3650
3648
3652
3643
3639
3654
3641
3639
3656
3630
3649
3638
3643
3629
3643
3652
3649
3630
3648
3650
3635
3640
3649
3648
3639
3656
3641
3643
3643
3651
3654
3648
3652
3643
3650
3657
3647
3638
3644
3667
3657
3647
3670
3656
3640
3665
3652
3654
3660
3654
3657
3652
3652
3655
3652
3650
3640
3645
3638
3647
3643
3641
3652
3630
3638
3630
3643
3643
3657
3643
3652
3652
3635
3652
3638
3652
3643
3643
3643
3638
3643
3635
3654
3631
3635
3629
3644
3652
3639
3639
3648
3630
3640
3638
3628
3635
3629
3641
3648
3636
3641
3642
3645
3629
3635
3641
3648
3630
3638
3623
3618
3648
3630
3373
3679
3622
3630
3558
3705
3648
3598
3652
3641
3616
3622
3629
3644
3638
3641
3666
3635
3652
3641
3635
3657
3643
3638
3643
3667
3673
3622
3622
3635
3705
3686
3629
3622
3618
3613
3615
3629
3612
3611
3635
3634
3648
3657
3657
3654
3670
3667
3666
3667
3639
3657
3623
3635
3599
3618
3609
3603
3615
3638
3639
3647
3647
3665
3660
3630
3641
3639
3648
3638
3655
3666
3661
3660
3654
3673
3660
3670
3663
3666
3655
3666
3655
3664
3670
3655
3654
3666
3670
3667
3654
3670
3666
3661
3662
3661
3662
3662
3657
3652
3647
3662
3677
3663
3665
3654
3657
3657
3638
3667
3654
3649
3654
3660
3654
3657
3643
3654
3643
3665
3661
3643
3667
3666
3655
3657
3660
3665
3665
3672
3660
3647
3667
3688
3661
3670
3643
3667
3654
3660
3661
3673
3666
3663
3673
3662
3665
3665
3647
3620
3679
3670
3670
3647
3673
3677
3583
3730
3665
3666
3638
3670
3675
3661
3662
3670
3672
3667
3682
3661
3667
3661
3665
3680
3663
3680
3662
3662
3667
3667
3682
3666
3666
3667
3663
3680
3670
3663
3682
3664
3670
3682
3667
3684
3670
3667
3662
3673
3684
3677
3682
3661
3662
3675
3676
3662
3670
3672
3651
3670
3672
3663
3665
3662
3661
3667
3662
3675
3666
3673
3667
3670
3660
3660
3675
3672
3667
3655
3675
3682
3677
3662
3667
3670
3673
3670
3684
3665
3662
3673
3677
3666
3663
3660
3663
3654
3662
3673
3639
3702
3662
3656
3670
3687
3677
3662
3654
3662
3670
3661
3673
3660
3660
3660
3654
3673
3661
3662
3667
3655
3662
3665
3677
3667
3670
3667
3654
3665
3661
3667
3667
3670
3682
3660
3672
3666
3673
3667
3672
3680
3660
3675
3660
3680
3673
3654
3666
3670
3667
3654
3662
3665
3667
3670
3655
3665
3670
3662
3662
3663
3654
3665
3680
3672
3661
3667
3647
3660
3675
3662
3661
3667
3657
3660
3660
3662
3661
3665
3673
3647
3660
3659
3672
3661
3664
3643
3710
3652
3654
3667
3680
3675
3670
3654
3661
3680
3660
3661
3660
3665
3657
3665
3672
3660
3666
3655
3667
3654
3647
3661
3673
3647
3667
3662
3667
3661
3661
3667
3654
3661
3672
3661
3651
3662
3660
3654
3672
3652
3666
3660
3647
3661
3667
3662
3654
3661
3657
3667
3643
3645
3660
3647
3673
3647
3661
3643
3670
3665
3647
3662
3654
3660
3665
3660
3665
3660
3672
3673
3667
3647
3670
3647
3665
3670
3662
3661
3662
3660
3672
3660
3667
3666
3667
3666
3665
3670
3667
3647
3657
3666
3673
3661
3670
3673
3666
3667
3670
3670
3665
3667
3662
3662
3675
3662
3666
3662
3673
3665
3661
3665
3663
3664
3663
3667
3660
3672
3673
3673
3667
3673
3670
3665
3670
3670
3666
3670
3667
3680
3665
3667
3672
3675
3673
3673
3662
3665
3670
3672
3662
3680
3670
3665
3663
3661
3667
3662
3670
3667
3667
3672
3673
3675
3666
3673
3647
3667
3661
3670
3655
3673
3684
3667
3662
3661
3665
3670
3665
3661
3665
3673
3662
3667
3667
3662
3667
3654
3675
3663
3673
3663
3665
3660
3680
3663
3663
3680
3673
3665
3673
3662
3667
3662
3662
3661
3675
3663
3556
3771
3639
3665
3639
3686
3684
3660
3661
3666
3667
3670
3680
3677
3667
3666
3661
3661
3673
3654
3673
3662
3680
3667
3676
3672
3667
3667
3673
3672
3670
3667
3661
3665
3666
3661
3662
3665
3654
3666
3672
3681
3662
3672
3665
3663
3673
3662
3666
3660
3661
3662
3662
3670
3673
3673
3673
3661
3665
3660
3654
3666
3661
3667
3655
3663
3665
3667
3662
3666
3664
3675
3660
3667
3667
3666
3661
3647
3666
3662
3665
3661
3666
3647
3662
3667
3673
3667
3667
3664
3654
3665
3657
3655
3665
3664
3666
3660
3662
3662
3673
3665
3673
3661
3660
3660
3670
3657
3665
3661
3643
3665
3584
3743
3660
3630
3661
3685
3678
3661
3655
3639
3672
3667
3660
3654
3660
3657
3673
3661
3666
3662
3662
3667
3654
3666
3661
3661
3654
3667
3673
3673
3667
3665
3660
3662
3666
3676
3662
3672
3661
3662
3655
3660
3661
3667
3667
3675
3647
3668
3675
3667
3667
3662
3663
3667
3665
3662
3673
3672
3665
3666
3664
3666
3660
3661
3661
3666
3654
3661
3661
3667
3673
3665
3655
3657
3673
3661
3654
3675
3675
3672
3670
3663
3667
3675
3675
3660
3675
3670
3673
3673
3684
3661
3662
3684
3673
3671
3677
3682
3681
3661
3456
3782
3647
3647
3667
3692
3675
3670
3667
3666
3677
3680
3673
3667
3680
3661
3673
3677
3673
3670
3661
3680
3667
3672
3670
3667
3667
3663
3661
3675
3663
3677
3683
3670
3680
3673
3680
3667
3676
3673
3673
3670
3684
3675
3660
3661
3670
3670
3662
3667
3660
3670
3661
3673
3673
3666
3661
3661
3661
3675
3668
3667
3667
3667
3673
3647
3670
3672
3666
3647
3670
3660
3673
3673
3670
3666
3673
3677
3670
3667
3661
3663
3655
3673
3673
3667
3676
3670
3667
3680
3673
3673
3661
3673
3665
3676
3662
3661
3654
3673
3660
3675
3670
3673
3660
3667
3663
3676
3670
3663
3663
3665
3673
3672
3673
3663
3647
3672
3663
3665
3667
3670
3684
3662
3666
3660
3680
3667
3673
3673
3657
3654
3672
3663
3667
3666
3662
3667
3661
3660
3655
3667
3666
3666
3654
3667
3680
3651
3667
3655
3665
3667
3668
3661
3666
3666
3654
3665
3665
3667
3661
3667
3672
3667
3660
3662
3655
3660
3654
3665
3667
3654
3664
3666
3652
3660
3660
3660
3662
3660
3660
3665
3657
3670
3673
3662
3660
3664
3673
3655
3673
3667
3665
3665
3662
3664
3670
3665
3660
3675
3661
3661
3661
3670
3673
3680
3667
3667
3665
3670
3662
3661
3662
3670
3665
3665
3662
3667
3663
3663
3682
3647
3662
3667
3660
3654
3657
3666
3667
3667
3655
3661
3663
3661
3667
3673
3673
3662
3665
3672
3661
3680
3670
3660
3655
3662
3662
3666
3670
3661
3665
3667
3675
3667
3670
3673
3666
3668
3662
3666
3664
3667
3654
3670
3663
3661
3665
3670
3663
3654
3676
3661
3673
3661
3661
3661
3666
3668
3667
3664
3667
3661
3667
3660
3662
3665
3660
3662
3654
3680
3667
3675
3675
3665
3682
3667
3673
3680
3673
3667
3662
3676
3662
3671
3660
3683
3667
3660
3661
3680
3673
3661
3675
3675
3673
3673
3676
3662
3667
3654
3680
3680
3662
3665
3667
3666
3675
3660
3665
3662
3673
3662
3673
3649
3667
3680
3675
3682
3661
3665
3660
3663
3662
3654
3661
3667
3670
3662
3660
3673
3660
3673
3680
3667
3677
3661
3675
3675
3676
3667
3655
3661
3676
3667
3662
3675
3676
3670
3665
3670
3667
3662
3681
3666
3655
3666
3665
3680
3680
3662
3667
3662
3660
3661
3665
3665
3667
3675
3673
3670
3662
3662
3673
3673
3654
3667
3666
3663
3661
3682
3661
3667
3673
3675
3675
3670
3680
3667
3684
3673
3661
3673
3675
3670
3666
3665
3673
3673
3665
3661
3651
3661
3663
3663
3673
3670
3676
3673
3667
3667
3670
3680
3663
3661
3670
3670
3667
3665
3667
3673
3663
3663
3660
3681
3667
3665
3676
3667
3675
3667
3675
3662
3677
3675
3673
3677
3662
3665
3676
3661
3667
3675
3680
3680
3675
3665
3667
3660
3661
3666
3681
3675
3662
3673
3663
3661
3664
3661
3665
3670
3675
3666
3661
3673
3673
3667
3660
3680
3675
3666
3657
3665
3670
3667
3661
3665
3661
3673
3666
3660
3662
3663
3675
3665
3665
3666
3667
3662
3667
3654
3667
3662
3662
3667
3673
3654
3662
3660
3655
3661
3665
3662
3667
3661
3655
3661
3662
3647
3665
3654
3660
3670
3666
3680
3654
3667
3670
3667
3664
3680
3667
3655
3661
3672
3666
3655
3667
3667
3664
3662
3660
3670
3667
3668
3670
3666
3661
3660
3660
3656
3662
3665
3666
3662
3654
3662
3672
3668
3657
3657
3667
3666
3672
3665
3667
3660
3661
3673
3660
3661
3661
3647
3661
3672
3667
3651
3657
3665
3665
3665
3673
3665
3662
3672
3670
3662
3663
3673
3654
3666
3660
3661
3667
3667
3662
3666
3667
3660
3660
3680
3662
3660
3662
3667
3665
3670
3665
3665
3662
3661
3660
3661
3665
3667
3654
3667
3647
3661
3673
3666
3657
3739
3686
3644
3628
3695
3684
3660
3670
3663
3686
3660
3661
3662
3660
3670
3665
3667
3662
3666
3662
3660
3666
3660
3667
3670
3667
3654
3673
3661
3666
3661
3670
3660
3665
3657
3660
3675
3661
3667
3660
3662
3661
3670
3657
3670
3665
3657
3666
3660
3657
3670
3667
3670
3662
3673
3675
3662
3675
3654
3654
3654
3665
3673
3665
3655
3667
3655
3680
3667
3661
3673
3660
3675
3660
3668
3673
3660
3665
3654
3665
3663
3667
3675
3665
3667
3667
3670
3662
3666
3664
3661
3662
3667
3667
3667
3647
3662
3673
3670
3660
3664
3666
3661
3654
3665
3667
3667
3661
3670
3673
3666
3670
3672
3665
3670
3660
3655
3661
3662
3666
3643
3670
3660
3660
3660
3643
3665
3660
3665
3654
3661
3667
3661
3666
3647
3660
3647
3667
3660
3647
3667
3661
3666
3661
3654
3673
3662
3664
3661
3672
3654
3672
3654
3667
3670
3667
3654
3666
3647
3654
3664
3643
3643
3661
3660
3666
3654
3654
3667
3661
3655
3670
3651
3660
3655
3666
3665
3673
3662
3654
3647
3654
3654
3659
3647
3647
3657
3665
3666
3660
3659
3660
3661
3665
3670
3661
3661
3665
3667
3662
3661
3662
3661
3670
3660
3675
3667
3657
3647
3661
3665
3670
3672
3657
3664
3670
3661
3662
3655
3665
3655
3660
3666
3664
3654
3660
3670
3661
3660
3670
3660
3662
3660
3662
3666
3672
3662
3672
3655
3667
3667
3662
3662
3667
3662
3661
3654
3670
3667
3660
3660
3667
3655
3667
3667
3665
3662
3661
3660
3672
3655
3661
3656
3665
3654
3664
3666
3657
3675
3661
3670
3661
3661
3673
3660
3660
3662
3647
3673
3667
3647
3663
3660
3660
3661
3662
3657
3660
3666
3673
3660
3667
3660
3654
3666
3667
3654
3655
3666
3661
3663
3670
3667
3661
3670
3675
3673
3670
3667
3661
3673
3684
3675
3661
3673
3654
3661
3665
3667
3655
3670
3670
3662
3682
3670
3663
3661
3661
3672
3673
3665
3670
3672
3673
3682
3654
3667
3682
3661
3673
3680
3680
3670
3686
3675
3655
3670
3665
3662
3662
3667
3684
3675
3665
3666
3670
3680
3673
3667
3666
3663
3662
3671
3673
3672
3660
3662
3663
3662
3661
3673
3680
3673
3684
3670
3670
3665
3662
3662
3663
3680
3661
3667
3662
3663
3660
3663
3661
3662
3661
3670
3673
3667
3665
3654
3667
3682
3660
3673
3673
3665
3673
3662
3670
3665
3666
3655
3667
3661
3662
3666
3663
3666
3666
3654
3660
3662
3672
3661
3672
3661
3660
3682
3667
3660
3667
3661
3660
3661
3647
3647
3647
3661
3667
3670
3662
3672
3665
3662
3665
3667
3660
3667
3661
3665
3667
3666
3662
3665
3673
3673
3662
3661
3667
3667
3672
3661
3662
3668
3662
3673
3681
3667
3667
3680
3667
3666
3670
3662
3667
3613
3740
3654
3629
3689
3683
3664
3666
3666
3670
3663
3667
3659
3654
3680
3661
3662
3654
3661
3661
3660
3661
3667
3673
3666
3673
3670
3662
3666
3660
3673
3667
3662
3660
3661
3667
3673
3677
3673
3660
3673
3672
3667
3667
3662
3663
3662
3662
3667
3671
3662
3675
3680
3662
3666
3654
3661
3666
3662
3670
3667
3655
3670
3662
3651
3657
3664
3654
3655
3647
3655
3656
3643
3643
3652
3660
3639
3652
3631
3630
3630
3648
3643
3639
3648
3622
3635
3641
3633
3633
3622
3617
3628
3633
3628
3628
3622
3623
3628
3619
3628
3632
3622
3609
3620
3632
3628
3633
3620
3622
3633
3628
3613
3638
3622
3619
3622
3611
3627
3629
3632
3635
3635
3635
3622
3628
3630
3628
3643
3634
3634
3630
3628
3635
3628
3615
3634
3634
3622
3615
3620
3630
3622
3614
3619
3622
3611
3622
3622
3622
3611
3615
3624
3611
3620
3622
3632
3622
3613
3619
3622
3622
3634
3633
3633
3611
3630
3633
3628
3629
3633
3630
3639
3628
3630
3635
3630
3638
3635
3647
3628
3643
3639
3647
3654
3652
3652
3660
3657
3661
3664
3670
3657
3647
3673
3673
3684
3681
3684
3677
3682
3679
3684
3686
3688
3684
3686
3679
3675
3677
3684
3680
3673
3686
3677
3684
3686
3673
3683
3677
3679
3684
3686
3684
3686
3679
3696
3705
3676
3686
3697
3693
3689
3693
3698
3686
3699
3692
3683
3675
3686
3683
3693
3692
3692
3559
3724
3727
3667
3676
3726
3712
3712
3686
3693
3693
3660
3750
3694
3661
3698
3702
3682
3694
3697
3712
3694
3698
3697
3697
3699
3679
3699
3698
3712
3707
3714
3702
3702
3712
3692
3709
3710
3704
3716
3695
3694
3695
3702
3720
3712
3712
3713
3715
3705
3710
3703
3737
3748
3744
3702
3681
3670
3675
3697
3698
3694
3679
3702
3698
3686
3699
3693
3693
3710
3698
3692
3683
3699
3697
3699
3694
3693
3683
3699
3697
3693
3699
3693
3697
3705
3692
3699
3692
3697
3699
3707
3703
3558
3769
3718
3677
3714
3728
3716
3702
3708
3718
3717
3702
3703
3699
3713
3709
3699
3702
3693
3702
3693
3712
3708
3707
3699
3712
3712
3697
3714
3718
3720
3712
3715
3710
3713
3695
3716
3703
3710
3710
3721
3721
3707
3730
3718
3730
3724
3719
3731
3731
3711
3731
3726
3726
3724
3737
3726
3737
3727
3737
3748
3731
3746
3741
3741
3739
3741
3737
3748
3741
3731
3729
3735
3740
3735
3736
3734
3728
3739
3729
3725
3729
3725
3728
3728
3711
3728
3724
3718
3729
3721
3720
3728
3721
3703
3707
3724
3712
3702
3699
3707
3720
3703
3712
3702
3721
3713
3715
3713
3718
3713
3712
3713
3705
3712
3705
3699
3713
3705
3694
3702
3715
3712
3720
3693
3713
3713
3702
3720
3713
3709
3708
3709
3708
3720
3702
3720
3710
3721
3703
3729
3713
3715
3721
3719
3721
3724
3721
3729
3725
3736
3730
3730
3730
3744
3729
3731
3727
3730
3745
3744
3740
3725
3746
3726
3741
3739
3739
3748
3739
3741
3745
3747
3752
3737
3727
3742
3727
3737
3752
3745
3726
3761
3744
3726
3737
3739
3737
3739
3744
3753
3753
3757
3758
3769
3760
3763
3750
3743
3762
3750
3746
3730
3734
3734
3734
3744
3729
3731
3741
3725
3726
3727
3741
3715
3726
3728
3731
3736
3719
3721
3711
3731
3721
3725
3703
3729
3725
3731
3724
3718
3724
3729
3728
3702
3719
3721
3726
3725
3724
3721
3718
3711
3730
3737
3718
3718
3718
3724
3725
3711
3724
3728
3713
3711
3731
3731
3730
3731
3729
3737
3718
3725
3718
3737
3737
3737
3740
3729
3736
3730
3746
3739
3747
3737
3748
3739
3737
3752
3737
3746
3725
3726
3744
3750
3739
3751
3756
3742
3750
3750
3750
3747
3762
3751
3743
3750
3739
3748
3741
3756
3739
3758
3741
3757
3761
3757
3747
3741
3763
3747
3747
3757
3756
3757
3756
3763
3763
3776
3776
3771
3762
3766
3766
3768
3766
3763
3763
3780
3767
3780
3763
3776
3784
3767
3767
3766
3771
3766
3777
3777
3769
3776
3769
3785
3768
3758
3758
3777
3769
3769
3763
3766
3780
3769
3785
3767
3766
3771
3776
3776
3767
3763
3757
3768
3757
3769
3766
3772
3766
3782
3763
3763
3771
3763
3771
3771
3756
3777
3769
3769
3759
3769
3757
3757
3766
3766
3763
3758
3768
3750
3772
3766
3769
3762
3769
3763
3771
3762
3766
3780
3771
3776
3757
3758
3781
3777
3771
3759
3776
3771
3771
3772
3769
3780
3771
3777
3767
3769
3785
3766
3780
3769
3774
3788
3789
3782
3792
3785
3789
3782
3808
3794
3794
3794
3789
3775
3782
3788
3771
3767
3795
3775
3788
3795
3783
3782
3789
3795
3789
3795
3795
3788
3788
3800
3798
3790
3790
3801
3803
3790
3785
3788
3780
3784
3793
3771
3787
3789
3793
3779
3795
3801
3790
3788
3801
3790
3792
3795
3799
3803
3824
3814
3782
3779
3771
3782
3776
3771
3784
3769
3769
3757
3763
3758
3756
3750
3747
3741
3752
3739
3746
3741
3741
3734
3734
3747
3748
3745
3760
3748
3757
3752
3748
3741
3750
3741
3750
3762
3753
3756
3750
3743
3757
3776
3766
3777
3766
3757
3780
3771
3772
3775
3771
3789
3775
3793
3783
3801
3801
3795
3814
3821
3814
3814
3821
3827
3833
3840
3837
3856
3846
3858
3865
3855
3869
3855
3867
3864
3869
3884
3867
3881
3867
3867
3881
3872
3890
3889
3871
3876
3881
3875
3887
3886
3887
3886
3878
3884
3878
3884
3886
3890
3888
3881
3874
3884
3878
3880
3876
3871
3869
3875
3867
3855
3865
3868
3855
3868
3859
3859
3857
3865
3846
3856
3854
3853
3865
3852
3858
3858
3846
3858
3865
3858
3868
3853
3856
3865
3852
3846
3859
3853
3852
3862
3865
3853
3855
3872
3857
3862
3865
3873
3859
3854
3854
3864
3862
3854
3865
3852
3867
3859
3872
3872
3852
3865
3835
3846
3846
3857
3859
3867
3857
3838
3857
3853
3838
3846
3857
3858
3849
3838
3831
3852
3849
3852
3854
3869
3853
3859
3865
3855
3852
3855
3852
3831
3858
3848
3857
3836
3841
3856
3838
3837
3849
3842
3844
3823
3846
3823
3835
3823
3840
3821
3832
3817
3823
3825
3836
3830
3822
3830
3825
3830
3821
3846
3833
3827
3822
3807
3822
3840
3827
3837
3821
3830
3820
3840
3821
3840
3841
3840
3838
3852
3865
3843
3858
3840
3836
3852
3854
3859
3864
3858
3872
3857
3854
3865
3865
3859
3857
3865
3864
3853
3854
3846
3857
3837
3859
3853
3849
3846
3860
3849
3846
3857
3848
3859
3837
3809
3820
3859
3865
3831
3811
3795
3785
3789
3789
3810
3803
3803
3810
3826
3814
3803
3809
3814
3825
3826
3811
3790
3814
3803
3811
3808
3804
3790
3805
3803
3810
3801
3794
3793
3788
3810
3801
3793
3788
3790
3801
3803
3812
3792
3771
3798
3789
3779
3793
3798
3798
3815
3803
3788
3777
3798
3820
3803
3826
3828
3805
3826
3836
3827
3827
3849
3836
3858
3843
3853
3836
3853
3846
3822
3831
3820
3838
3857
3862
3827
3846
3842
3840
3833
3851
3827
3888
3823
3837
3897
3842
3840
3849
3836
3833
3880
3878
3815
3852
3849
3830
3885
3835
3839
3820
3858
3810
3830
3865
3841
3847
3842
3843
3857
3848
3816
3869
3814
3804
3854
3847
3814
3790
3854
3858
3798
3849
3867
3827
3801
3833
3815
3803
3841
3849
3805
3808
3847
3803
3820
3853
3849
3814
3854
3846
3799
3841
3865
3789
3814
3872
3805
3794
3860
3809
3812
3805
3820
3852
3807
3788
3803
3876
3803
3782
3865
3837
3795
3830
3835
3814
3837
3831
3814
3820
3872
3856
3788
3837
3886
3840
3831
3822
3843
3857
3831
3872
3823
3842
3855
3803
3858
3897
3830
3875
3908
3858
3872
3869
3852
3901
3830
3891
3876
3859
3876
3873
3923
3846
3901
3897
3865
3960
3894
3889
3913
3887
3902
3884
3891
3921
3895
3913
3918
3911
3903
3940
3897
3929
3910
3910
3968
3949
3974
3955
3959
3959
3985
3980
3955
4004
3990
3974
3984
3958
3948
3986
3959
3958
3977
3969
3949
3942
3955
3917
3942
3936
3913
3908
3918
3910
3905
3903
3895
3897
3903
3875
3838
3874
3862
3859
3884
3865
3859
3867
3878
3833
3863
3826
3828
3869
3814
3823
3840
3840
3805
3857
3827
3814
3833
3775
3825
3790
3841
3771
3761
3821
3789
3771
3766
3805
3747
3810
3771
3741
3752
3810
3757
3768
3750
3751
3721
3713
3743
3748
3730
3731
3693
3737
3731
3670
3724
3720
3675
3724
3721
3720
3718
3710
3699
3702
3712
3684
3667
3703
3747
3691
3675
3682
3692
3675
3671
3686
3663
3677
3660
3651
3676
3667
3673
3635
3675
3695
3638
3600
3686
3635
3611
3667
3652
3676
3680
3703
3682
3692
3702
3677
3643
3661
3660
3638
3656
3660
3633
3630
3647
3634
3648
3639
3630
3634
3602
3629
3597
3598
3602
3587
3618
3597
3590
3609
3565
3593
3596
3567
3567
3584
3597
3575
3556
3559
3564
3574
3571
3577
3558
3571
3581
3571
3579
3558
3569
3566
3577
3596
3608
3601
3608
3611
3591
3609
3613
3634
3635
3630
3639
3648
3643
3641
3649
3657
3643
3651
3641
3655
3667
3645
3673
3676
3647
3667
3673
3676
3670
3682
3673
3670
3675
3682
3684
3686
3692
3686
3705
3698
3687
3702
3704
3705
3699
3702
3720
3703
3721
3728
3710
3720
3703
3710
3729
3731
3730
3725
3702
3720
3718
3720
3718
3720
3710
3710
3710
3710
3724
3721
3713
3703
3713
3715
3707
3718
3694
3708
3705
3693
3712
3693
3699
3699
3696
3693
3694
3677
3697
3679
3686
3675
3680
3667
3673
3666
3673
3652
3652
3655
3672
3645
3643
3651
3629
3644
3641
3635
3634
3640
3633
3624
3635
3618
3609
3609
3603
3610
3592
3587
3590
3587
3588
3585
3574
3575
3571
3565
3566
3584
3555
3568
3555
3560
3545
3547
3554
3554
3542
3542
3527
3545
3537
3513
3539
3534
3519
3523
3529
3513
3513
3513
3513
3502
3510
3505
3494
3487
3494
3470
3481
3488
3492
3494
3475
3481
3494
3481
3484
3485
3489
3471
3480
3485
3491
3483
3492
3485
3483
3488
3496
3492
3487
3490
3492
3485
3487
3497
3494
3492
3485
3505
3485
3505
3483
3483
3483
3487
3510
3494
3487
3485
3485
3504
3494
3513
3487
3490
3500
3534
3539
3537
3532
3526
3515
3515
3538
3526
3547
3547
3559
3570
3566
3566
3559
3584
3574
3588
3581
3587
3590
3600
3601
3591
3609
3603
3609
3609
3590
3601
3601
3590
3600
3587
3590
3593
3598
3581
3575
3581
3579
3580
3603
3587
3598
3597
3608
3603
3591
3606
3599
3602
3596
3606
3601
3611
3609
3603
3606
3609
3616
3609
3611
3609
3597
3603
3611
3618
3613
3614
3618
3623
3622
3599
3620
3612
3611
3628
3619
3611
3628
3623
3629
3641
3629
3629
3635
3629
3648
3623
3641
3629
3640
3638
3635
3639
3630
3638
3641
3639
3639
3648
3639
3638
3641
3643
3631
3638
3635
3630
3623
3629
3643
3633
3633
3630
3630
3633
3619
3614
3622
3619
3623
3622
3613
3618
3606
3609
3593
3590
3596
3596
3592
3590
3596
3580
3566
3581
3566
3571
3571
3571
3559
3558
3560
3551
3549
3556
3545
3547
3542
3533
3538
3539
3539
3539
3532
3538
3534
3527
3523
3532
3519
3527
3511
3524
3526
3513
3524
3505
3524
3520
3520
3513
3501
3501
3491
3496
3495
3513
3502
3494
3494
3485
3496
3485
3490
3492
3469
3485
3479
3475
3469
3481
3462
3468
3470
3470
3465
3455
3468
3443
3515
3468
3410
3456
3449
3428
3446
3437
3441
3436
3426
3431
3430
3426
3425
3427
3422
3428
3424
3405
3417
3400
3406
3391
3404
3396
3409
3383
3400
3383
3382
3373
3373
3363
3356
3358
3369
3352
3357
3343
3360
3347
3346
3326
3329
3353
3350
3326
3346
3347
3342
3340
3347
3329
3332
3331
3310
3315
3303
3302
3295
3302
3300
3313
3310
3292
3259
3308
3276
3283
3283
3270
3270
3283
3289
3257
3268
3266
3235
3230
3256
3240
3236
3229
3217
3234
3215
3207
3212
3222
3232
3213
3238
3222
3233
3215
3244
3233
3256
3250
3251
3257
3257
3259
3263
3268
3273
3296
3318
3292
3300
3308
3302
3345
3350
3355
3343
3350
3366
3379
3366
3378
3388
3382
3388
3373
3387
3401
3408
3411
3409
3428
3427
3411
3430
3449
3423
3433
3428
3427
3441
3437
3442
3423
3436
3438
3449
3443
3456
3457
3457
3457
3438
3443
3457
3437
3438
3452
3451
3446
3449
3447
3449
3449
3417
3441
3436
3435
3430
3419
3442
3427
3428
3427
3424
3417
3406
3411
3405
3399
3387
3411
3404
3393
3392
3388
3374
3367
3379
3375
3373
3383
3404
3369
3374
3378
3372
3366
3369
3378
3367
3366
3379
3377
3382
3373
3384
3374
3377
3373
3373
3377
3374
3380
3373
3371
3357
3366
3379
3373
3363
3392
3359
3385
3396
3366
3359
3382
3379
3374
3378
3384
3373
3387
3396
3401
3392
3382
3382
3392
3392
3383
3391
3392
3392
3387
3401
3401
3392
3383
3396
3410
3404
3393
3400
3400
3392
3383
3396
3400
3387
3401
3405
3385
3396
3398
3393
3404
3391
3401
3383
3375
3385
3394
3382
3367
3387
3367
3383
3379
3396
3392
3379
3372
3369
3366
3357
3362
3362
3385
3356
3369
3369
3359
3361
3357
3356
3360
3359
3355
3363
3343
3362
3355
3364
3357
3350
3362
3353
3357
3355
3361
3362
3361
3343
3352
3350
3347
3334
3334
3345
3337
3340
3348
3337
3331
3337
3341
3334
3331
3323
3318
3340
3329
3336
3309
3315
3315
3315
3308
3308
3315
3302
3302
3313
3295
3302
3300
3301
3300
3294
3291
3283
3296
3300
3283
3286
3279
3289
3283
3263
3280
3259
3263
3270
3272
3263
3273
3263
3263
3276
3270
3260
3265
3257
3247
3257
3251
3272
3268
3255
3251
3256
3251
3255
3259
3259
3259
3251
3257
3254
3261
3259
3268
3270
3272
3257
3272
3280
3259
3273
3280
3277
3277
3289
3286
3289
3278
3296
3298
3289
3289
3291
3298
3299
3313
3293
3308
3299
3302
3291
3315
3313
3302
3302
3305
3302
3316
3321
3313
3308
3311
3318
3310
3316
3315
3330
3328
3328
3329
3318
3329
3318
3321
3321
3328
3332
3315
3323
3310
3319
3311
3303
3314
3314
3316
3310
3314
3313
3314
3310
3309
3315
3309
3321
3319
3314
3309
3318
3299
3309
3303
3315
3312
3321
3315
3308
3329
3321
3309
3310
3315
3360
3347
3287
3318
3344
3328
3328
3337
3319
3334
3323
3337
3315
3327
3336
3324
3326
3318
3319
3334
3325
3340
3318
3330
3337
3329
3325
3337
3325
3319
3329
3318
3325
3331
3331
3334
3346
3327
3331
3326
3331
3331
3324
3335
3329
3326
3324
3337
3329
3325
3331
3332
3326
3324
3330
3311
3315
3318
3310
3324
3310
3310
3320
3315
3313
3313
3313
3313
3320
3309
3328
3314
3313
3315
3315
3321
3308
3321
3309
3307
3302
3309
3308
3302
3311
3314
3313
3310
3328
3320
3328
3315
3314
3312
3328
3318
3308
3315
3315
3313
3310
3321
3321
3318
3331
3309
3321
3323
3315
3303
3328
3329
3310
3319
3319
3329
3331
3325
3318
3313
3321
3329
3328
3318
3328
3328
3328
3308
3313
3303
3302
3299
3293
3291
3296
3296
3298
3296
3296
3296
3289
3291
3279
3289
3283
3281
3289
3277
3286
3270
3286
3276
3273
3263
3263
3267
3273
3254
3254
3245
3249
3244
3246
3229
3238
3239
3250
3241
3238
3231
3244
3238
3238
3235
3252
3245
3235
3249
3229
3234
3229
3236
3249
3231
3256
3238
3229
3249
3246
3250
3231
3264
3246
3245
3246
3251
3249
3250
3255
3251
3264
3264
3268
3262
3272
3268
3259
3270
3267
3270
3259
3271
3281
3276
3277
3279
3283
3283
3277
3283
3289
3283
3286
3296
3300
3291
3291
3312
3308
3315
3302
3313
3315
3313
3302
3318
3294
3313
3320
3305
3328
3309
3310
3315
3315
3321
3318
3315
3332
3328
3337
3323
3331
3323
3331
3328
3327
3335
3331
3336
3329
3334
3337
3318
3323
3324
3331
3330
3318
3325
3331
3331
3318
3325
3324
3331
3328
3324
3310
3315
3319
3309
3319
3337
3337
3334
3319
3334
3344
3347
3340
3347
3364
3334
3347
3356
3377
3372
3379
3367
3379
3375
3378
3382
3401
3391
3398
3410
3405
3414
3428
3419
3423
3430
3433
3452
3462
3481
3491
3463
3479
3456
3447
3465
3446
3465
3468
3454
3447
3446
3459
3459
3463
3475
3474
3470
3470
3468
3474
3460
3472
3473
3491
3490
3478
3473
3483
3486
3485
3502
3492
3488
3478
3463
3475
3470
3492
3490
3494
3510
3500
3502
3506
3496
3491
3494
3487
3497
3485
3501
3513
3494
3510
3501
3520
3513
3512
3520
3505
3513
3502
3503
3510
3520
3521
3510
3524
3519
3532
3524
3513
3517
3501
3510
3515
3520
3507
3528
3502
3511
3521
3511
3510
3515
3510
3505
3529
3519
3516
3524
3526
3529
3513
3524
3523
3520
3534
3534
3532
3515
3539
3527
3529
3532
3526
3531
3534
3532
3524
3537
3538
3544
3535
3542
3535
3539
3542
3542
3542
3534
3549
3554
3547
3545
3533
3547
3542
3537
3554
3545
3543
3527
3535
3549
3536
3545
3543
3545
3538
3533
3545
3539
3545
3526
3538
3545
3542
3544
3537
3544
3529
3537
3524
3528
3532
3537
3524
3539
3545
3539
3545
3542
3549
3539
3549
3549
3548
3560
3570
3568
3554
3556
3571
3558
3559
3570
3555
3566
3571
3558
3577
3585
3566
3574
3588
3565
3565
3565
3588
3592
3584
3588
3577
3575
3581
3584
3583
3596
3587
3600
3590
3580
3590
3590
3596
3574
3597
3590
3602
3581
3608
3596
3593
3603
3608
3611
3600
3581
3599
3606
3609
3598
3596
3603
3611
3609
3598
3603
3598
3609
3609
3599
3611
3618
3597
3599
3607
3609
3611
3609
3620
3597
3603
3622
3619
3606
3609
3597
3625
3611
3614
3624
3632
3622
3622
3618
3612
3620
3620
3611
3622
3634
3622
3620
3609
3598
3611
3629
3613
3613
3638
3634
3634
3619
3629
3625
3641
3635
3620
3628
3622
3648
3646
3649
3641
3643
3656
3639
3643
3655
3652
3657
3665
3682
3683
3675
3673
3673
3654
3661
3655
3647
3660
3661
3665
3667
3660
3643
3665
3660
3647
3670
3661
3654
3657
3654
3673
3655
3660
3665
3660
3664
3667
3663
3654
3672
3671
3663
3673
3684
3677
3673
3673
3692
3683
3686
3675
3679
3677
3675
3692
3689
3697
3702
3699
3694
3696
3686
3696
3686
3688
3686
3684
3692
3677
3684
3677
3675
3673
3673
3673
3661
3675
3682
3682
3684
3686
3677
3675
3673
3680
3682
3671
3665
3662
3692
3700
3675
3673
3677
3684
3673
3684
3680
3684
3654
3677
3661
3682
3667
3676
3675
3657
3670
3676
3699
3686
3673
3683
3682
3675
3673
3686
3613
3723
3697
3677
3716
3699
3703
3721
3721
3727
3740
3750
3740
3737
3741
3750
3756
3757
3767
3769
3789
3793
3744
3858
3833
3835
3842
3835
3821
3811
3812
3811
3793
3767
3771
3788
3785
3788
3808
3775
3775
3775
3810
3789
3798
3801
3780
3788
3805
3793
3790
3782
3792
3791
3788
3779
3793
3812
3804
3805
3827
3790
3794
3793
3827
3801
3805
3814
3814
3798
3803
3771
3814
3806
3821
3812
3788
3788
3805
3801
3812
3789
3801
3812
3814
3810
3808
3789
3808
3788
3789
3790
3814
3805
3805
3841
3820
3832
3836
3837
3825
3828
3814
3803
3808
3789
3792
3789
3790
3778
3769
3772
3766
3751
3758
3784
3652
3740
3782
3801
3854
3763
3757
3791
3810
3788
3788
3788
3801
3789
3811
3814
3822
3822
3815
3814
3840
3817
3832
3805
3811
3814
3875
3849
3798
3808
3807
3822
3812
3795
3801
3795
3812
3804
3812
3795
3791
3785
3789
3782
3786
3783
3785
3788
3785
3775
3784
3782
3790
3794
3789
3784
3792
3771
3788
3789
3800
3790
3788
3794
3795
3795
3795
3798
3803
3812
3810
3820
3814
3840
3812
3833
3814
3827
3827
3826
3814
3824
3826
3820
3807
3805
3810
3814
3820
3827
3827
3611
3977
3853
3808
3803
3852
3846
3830
3840
3832
3825
3823
3843
3825
3833
3820
3822
3833
3833
3832
3821
3830
3821
3814
3830
3833
3831
3814
3830
3820
3833
3823
3825
3840
3823
3826
3825
3803
3820
3811
3821
3822
3832
3820
3821
3814
3805
3817
3805
3803
3825
3814
3814
3807
3803
3822
3803
3824
3814
3825
3814
3830
3814
3832
3805
3827
3805
3807
3805
3820
3826
3827
3827
3805
3806
3814
3815
3825
3806
3814
3807
3812
3814
3820
3812
3814
3803
3814
3820
3812
3812
3790
3811
3805
3805
3805
3805
3810
3817
3811
3803
3809
3812
3791
3801
3791
3804
3795
3805
3808
3814
3803
3801
3798
3808
3808
3798
3801
3798
3795
3800
3801
3791
3814
3793
3801
3801
3803
3814
3789
3812
3789
3805
3795
3790
3810
3788
3814
3801
3801
3803
3790
3795
3795
3789
3794
3775
3808
3792
3784
3780
3771
3784
3788
3793
3785
3779
3771
3777
3767
3771
3761
3785
3756
3757
3757
3766
3750
3747
3741
3750
3750
3751
3740
3747
3741
3737
3740
3726
3734
3730
3718
3728
3718
3715
3710
3713
3702
3721
3716
3705
3704
3712
3697
3699
3703
3682
3686
3692
3679
3698
3698
3702
3675
3692
3689
3693
3686
3680
3686
3673
3686
3661
3680
3680
3684
3683
3671
3663
3663
3681
3667
3667
3667
3664
3673
3667
3664
3665
3657
3660
3673
3661
3661
3647
3666
3647
3667
3660
3650
3639
3654
3657
3656
3654
3643
3657
3651
3652
3639
3652
3638
3652
3641
3648
3638
3644
3635
3635
3643
3628
3634
3639
3633
3630
3641
3631
3638
3630
3648
3638
3643
3648
3641
3649
3644
3639
3650
3643
3652
3647
3660
3657
3660
3662
3660
3661
3661
3665
3666
3676
3667
3663
3670
3688
3680
3688
3686
3677
3686
3689
3698
3692
3702
3692
3683
3702
3705
3693
3703
3694
3704
3713
3703
3721
3703
3713
3713
3713
3715
3702
3720
3715
3721
3720
3702
3721
3705
3715
3724
3703
3724
3713
3718
3711
3718
3720
3711
3713
3721
3720
3694
3711
3715
3710
3716
3708
3707
3702
3705
3716
3705
3714
3699
3694
3694
3694
3694
3712
3704
3695
3697
3699
3702
3697
3699
3693
3696
3699
3699
3693
3712
3687
3662
3731
3720
3694
3702
3707
3721
3728
3715
3729
3711
3728
3729
3724
3730
3725
3726
3734
3729
3739
3398
3942
3718
3697
3739
3767
3776
3744
3737
3748
3769
3762
3761
3757
3756
3756
3756
3771
3776
3757
3560
3919
3789
3741
3789
3814
3798
3795
3775
3788
3801
3808
3789
3795
3798
3803
3801
3791
3812
3801
3801
3805
3805
3816
3810
3803
3812
3803
3816
3814
3805
3812
3805
3812
3824
3807
3809
3807
3811
3817
3803
3817
3805
3938
3790
3777
3814
3823
3814
3820
3826
3808
3812
3801
3798
3790
3801
3790
3788
3664
3894
3790
3750
3779
3789
3766
3766
3758
3757
3763
3743
3757
3741
3739
3748
3760
3748
3753
3734
3515
3865
3737
3679
3703
3745
3724
3729
3711
3713
3702
3703
3534
3803
3713
3673
3705
3721
3702
3699
3702
3705
3702
3693
3703
3692
3686
3697
3619
3780
3720
3686
3729
3744
3727
3734
3731
3725
3748
3741
3741
3751
3747
3762
3761
3762
3757
3769
3763
3782
3766
3788
3795
3793
3794
3801
3798
3791
3803
3803
3806
3815
3812
3825
3820
3684
3913
3842
3789
3822
3846
3842
3831
3836
3846
3842
3838
3849
3841
3849
3822
3840
3837
3827
3859
3865
3822
3821
3830
3843
3827
3833
3825
3825
3817
3816
3811
3804
3820
3809
3810
3801
3795
3801
3790
3795
3782
3789
3771
3776
3771
3763
3769
3761
3763
3756
3741
3741
3751
3746
3719
3724
3724
3715
3729
3707
3715
3703
3716
3720
3713
3712
3695
3703
3703
3703
3694
3687
3699
3703
3695
3694
3694
3712
3712
3703
3693
3713
3694
3713
3707
3707
3718
3703
3712
3702
3720
3702
3720
3712
3703
3699
3705
3698
3713
3728
3708
3703
3693
3707
3699
3694
3699
3694
3702
3693
3711
3703
3699
3697
3705
3695
3712
3697
3695
3692
3686
3694
3699
3697
3702
3697
3702
3699
3677
3692
3692
3689
3693
3698
3692
3683
3677
3684
3683
3684
3684
3675
3673
3686
3676
3684
3675
3663
3665
3661
3673
3670
3649
3662
3660
3651
3641
3647
3657
3665
3657
3639
3652
3659
3643
3665
3651
3657
3629
3641
3638
3648
3623
3641
3648
3652
3639
3639
3631
3635
3635
3641
3639
3648
3649
3635
3629
3647
3652
3648
3643
3643
3641
3644
3643
3654
3648
3652
3638
3640
3630
3635
3638
3622
3635
3632
3619
3613
3606
3622
3618
3597
3599
3603
3599
3596
3591
3581
3581
3584
3576
3585
3565
3571
3566
3571
3571
3555
3551
3556
3556
3553
3544
3548
3534
3537
3526
3519
3529
3519
3511
3510
3526
3533
3529
3519
3524
3501
3521
3510
3520
3519
3515
3526
3519
3518
3524
3545
3517
3529
3519
3539
3534
3532
3532
3539
3534
3545
3556
3558
3552
3561
3549
3547
3564
3534
3547
3549
3549
3576
3561
3550
3547
3527
3549
3543
3549
3555
3547
3548
3545
3544
3542
3543
3554
3539
3515
3529
3511
3533
3533
3519
3515
3518
3513
3510
3501
3513
3517
3512
3522
3497
3495
3501
3491
3512
3507
3507
3497
3508
3500
3506
3506
3494
3505
3520
3513
3491
3500
3520
3501
3502
3510
3513
3503
3513
3510
3511
3519
3515
3519
3529
3528
3539
3529
3532
3532
3538
3539
3534
3534
3542
3537
3545
3558
3543
3544
3545
3548
3542
3537
3540
3544
3551
3558
3552
3547
3543
3554
3556
3552
3565
3552
3545
3558
3552
3533
3545
3547
3554
3533
3357
3630
3577
3485
3580
3593
3534
3549
3555
3554
3558
3571
3547
3558
3555
3449
3652
3574
3526
3569
3584
3549
3547
3559
3561
3556
3558
3549
3571
3565
3570
3558
3558
3547
3547
3565
3549
3547
3554
3555
3556
3417
3643
3558
3513
3556
3577
3547
3539
3532
3519
3529
3515
3521
3521
3512
3500
3505
3502
3513
3513
3506
3506
3497
3490
3483
3470
3484
3481
3488
3475
3478
3462
3474
3468
3468
3464
3464
3464
3459
3452
3472
3447
3387
3510
3478
3419
3469
3483
3449
3469
3441
3452
3456
3454
3457
3474
3473
3474
3473
3446
3459
3481
3465
3475
3474
3488
3483
3475
3485
3481
3377
3554
3494
3451
3494
3486
3471
3483
3494
3485
3492
3500
3483
3492
3494
3492
3500
3492
3481
3484
3485
3492
3484
3478
3480
3481
3484
3483
3489
3469
3473
3481
3470
3471
3478
3481
3478
3475
3485
3478
3470
3481
3483
3470
3469
3478
3478
3480
3474
3469
3341
3588
3488
3431
3482
3494
3458
3467
3454
3457
3451
3446
3460
3457
3456
3446
3439
3443
3441
3443
3431
3443
3443
3456
3456
3436
3447
3456
3446
3449
3447
3515
3457
3411
3448
3465
3431
3437
3427
3430
3440
3425
3417
3422
3417
3417
3423
3419
3417
3410
3407
3406
3405
3416
3411
3401
3416
3405
3405
3406
3417
3409
3406
3391
3399
3398
3394
3401
3398
3405
3398
3398
3414
3404
3405
3405
3401
3409
3404
3411
3417
3411
3417
3409
3417
3416
3504
3417
3392
3410
3430
3401
3410
3414
3417
3404
3414
3404
3400
3404
3391
3387
3410
3383
3387
3391
3396
3396
3383
3396
3392
3382
3382
3385
3373
3373
3379
3389
3373
3374
3387
3374
3385
3394
3382
3384
3401
3382
3392
3392
3393
3392
3401
3391
3379
3401
3383
3400
3398
3391
3389
3385
3384
3387
3388
3382
3392
3401
3392
3382
3374
3382
3378
3382
3396
3378
3387
3387
3392
3392
3387
3394
3387
3396
3408
3409
3396
3416
3405
3409
3414
3409
3417
3414
3417
3416
3417
3404
3405
3411
3405
3401
3411
3404
3405
3494
3417
3379
3424
3443
3391
3417
3406
3401
3411
3414
3401
3405
3404
3404
3411
3411
3417
3409
3404
3406
3417
3411
3405
3406
3414
3422
3410
3399
3391
3398
3406
3410
3410
3400
3398
3396
3387
3382
3379
3384
3382
3373
3366
3368
3355
3362
3347
3347
3344
3334
3336
3329
3328
3318
3324
3328
3324
3318
3316
3293
3299
3300
3293
3289
3278
3298
3283
3296
3283
3281
3286
3271
3286
3271
3272
3278
3270
3271
3273
3272
3268
3276
3255
3254
3275
3267
3262
3283
3276
3273
3277
3283
3271
3288
3292
3281
3292
3289
3286
3298
3303
3291
3300
3304
3291
3309
3305
3302
3308
3305
3314
3321
3319
3318
3328
3328
3309
3310
3329
3313
3309
3309
3321
3313
3321
3308
3309
3309
3308
3309
3315
3309
3309
3314
3321
3328
3315
3310
3315
3309
3311
3309
3326
3309
3315
3318
3310
3315
3318
3315
3308
3310
3319
3313
3311
3309
3311
3329
3315
3321
3302
3303
3310
3299
3308
3314
3299
3299
3304
3303
3300
3302
3299
3305
3291
3287
3299
3305
3291
3289
3286
3282
3294
3291
3302
3302
3292
3302
3298
3291
3299
3293
3304
3302
3295
3313
3299
3314
3302
3315
3309
3308
3312
3313
3310
3320
3302
3313
3309
3303
3318
3313
3314
3310
3311
3321
3319
3328
3314
3309
3302
3300
3293
3293
3296
3291
3270
3270
3261
3273
3281
3265
3268
3264
3251
3238
3251
3250
3248
3227
3244
3248
3245
3239
3215
3227
3227
3236
3225
3225
3225
3243
3227
3238
3232
3230
3227
3235
3257
3244
3236
3249
3244
3229
3251
3239
3246
3264
3251
3251
3246
3255
3245
3268
3272
3273
3281
3277
3276
3278
3297
3278
3297
3295
3295
3300
3302
3309
3313
3308
3313
3295
3295
3310
3293
3309
3313
3305
3305
3305
3300
3291
3302
3304
3302
3299
3292
3289
3267
3272
3270
3261
3268
3272
3264
3249
3259
3255
3250
3235
3229
3227
3235
3222
3225
3206
3216
3209
3206
3203
3204
3190
3200
3202
3182
3180
3184
3174
3167
3172
3172
3172
3150
3155
3142
3155
3161
3163
3163
3147
3148
3160
3149
3151
3150
3135
3135
3128
3117
3103
3126
3145
3127
3135
3131
3148
3161
3135
3148
3152
3145
3136
3129
3129
3119
3129
3144
3136
3118
3104
3116
3116
3110
3104
3087
3091
3097
3087
3094
3099
3094
3080
3094
3054
3081
3073
3078
3087
3106
3085
3106
3099
3104
3069
3053
3067
3084
3097
3110
3108
3099
3099
3094
3126
3122
3101
3100
3101
3075
3097
3112
3106
3096
3085
3088
3086
3097
3107
3103
3099
3086
3097
3094
3104
3113
3110
3103
3110
3101
3116
3123
3120
3122
3128
3137
3144
3127
3144
3147
3148
3135
3149
3161
3148
3155
3151
3150
3149
3171
3158
3163
3158
3160
3158
3161
3150
3153
3155
3148
3149
3135
3126
3131
3123
3131
3126
3123
3127
3123
3131
3136
3123
3127
3119
3122
3123
3136
3128
3122
3116
3116
3110
3121
3118
3110
3101
3103
3108
3106
3104
3087
3097
3091
3101
3079
3084
3089
3078
3086
3090
3079
3081
3084
3078
3069
3075
3062
3053
3065
3059
3054
3057
3064
3054
3059
3056
3046
3052
3054
3054
3046
3060
3046
3023
3040
3044
3042
3035
3030
3037
3022
3022
3022
3031
3023
3012
3007
3018
3017
2995
2999
3003
3008
3014
3027
3017
3020
3016
3025
3035
3021
3015
3035
3038
3021
3040
3040
3038
3049
3044
3044
2998
3101
3074
3062
3104
3090
3085
3097
3085
3099
3099
3106
3101
3106
3110
3116
3117
3118
3135
3144
3136
3131
3140
3150
3150
3163
3149
3168
3158
3172
3161
3165
3165
3163
3171
3185
3166
3184
3176
3174
3171
3186
3181
3186
3200
3187
3195
3187
3202
3208
3209
3110
3282
3182
3182
3264
3212
3216
3227
3203
3198
3219
3219
3217
3216
3254
3238
3193
3225
3254
3216
3213
3229
3218
3206
3207
3216
3217
3206
3206
3217
3212
3214
3213
3207
3198
3203
3206
3214
3172
3191
3214
3174
3198
3204
3187
3181
3193
3180
3165
3165
3171
3176
3174
3151
3170
3185
3167
3172
3163
3163
3161
3198
3209
3211
3131
3179
3181
3155
3156
3182
3151
3160
3149
3161
3153
3163
3156
3155
3161
3158
3150
3142
3200
3131
3149
3201
3151
3163
3164
3149
3150
3142
3153
3155
3145
3142
3148
3154
3154
3148
3165
3200
3136
3152
3209
3171
3185
3201
3172
3175
3168
3170
3198
3182
3174
3163
3200
3180
3187
3209
3201
3190
2987
3289
3207
3180
3234
3232
3214
3219
3190
3212
3201
3213
3198
3198
3209
3227
3244
3272
3268
3196
3220
3225
3218
3246
3227
3231
3219
3223
3212
3190
3208
3214
3231
3236
3219
3236
3142
3298
3184
3217
3276
3219
3235
3250
3225
3238
3212
3241
3217
3219
3108
3289
3244
3228
3251
3251
3214
3219
3250
3218
3217
3206
3227
3236
3213
3190
3193
3198
3236
3257
3169
3206
3246
3198
3177
3209
3180
3181
3185
3173
3190
3165
3181
3164
3158
3153
3149
3145
2976
3199
3153
3121
3134
3145
3110
3126
3106
3091
3148
3091
3091
3116
3079
3089
3108
3097
3091
3081
3104
3078
3081
3115
3128
3084
3099
3111
3097
3108
3094
3079
3101
3104
3086
3068
3112
3107
3117
3097
3087
3099
3107
3108
3080
3117
3116
3091
3105
3099
3100
3078
3122
3099
3108
3088
3117
3131
3087
3116
3085
3103
3099
3087
3091
3088
3086
3099
3106
3087
3085
3089
3085
3106
3090
3078
3086
3094
3094
3078
3089
3099
3106
3110
3112
3078
3075
3084
3101
3116
3097
3081
3086
3070
3110
3094
3067
3094
3097
3111
3086
3095
3117
3117
3110
3097
3099
3137
3136
3099
3110
3153
3136
3170
3140
3168
3174
3129
3132
3174
3177
3147
3155
3129
3137
3126
3159
3137
3110
3113
3081
3085
3084
3084
3075
3106
3090
3068
3053
3057
3064
3100
3078
3069
3110
3084
3095
3106
3126
3121
3089
3111
3094
3074
3110
3113
3043
3104
3105
3078
3057
3099
3086
3091
3100
3090
3111
3148
3096
3129
3116
3103
3117
3170
3147
3107
3142
3136
3172
3135
3108
3167
3149
3132
3129
3142
3131
3142
3155
3136
3190
3201
3186
3161
3170
3180
3208
3240
3211
3217
3206
3213
3213
3208
3193
3200
3175
3163
3207
3197
3201
3195
3191
3172
3197
3190
3199
3200
3218
3236
3254
3292
3280
3295
3281
3272
3214
3239
3257
3213
3181
3225
3254
3281
3244
3222
3250
3244
3219
3227
3259
3263
3238
3245
3254
3238
3270
3238
3260
3259
3263
3309
3331
3282
3272
3305
3324
3254
3259
3229
3268
3332
3312
3344
3320
3328
3289
3287
3234
3257
3277
3259
3265
3254
3244
3270
3259
3219
3186
3273
3289
3296
3257
3355
3298
3295
3257
3337
3335
3299
3318
3302
3283
3299
3244
3264
3254
3225
3191
3258
3269
3250
3268
3255
3283
3292
3311
3286
3352
3336
3379
3337
3300
3335
3296
3350
3330
3309
3341
3295
3244
3311
3321
3272
3289
3309
3314
3240
3353
3309
3312
3325
3325
3341
3327
3344
3372
3324
3302
3310
3372
3310
3339
3357
3308
3310
3305
3341
3308
3277
3300
3328
3286
3346
3309
3312
3334
3326
3283
3278
3281
3300
3310
3330
3295
3316
3289
3314
3293
3267
3331
3296
3248
3331
3297
3305
3343
3331
3279
3311
3283
3305
3278
3309
3277
3286
3289
3328
3303
3283
3325
3293
3295
3308
3364
3321
3318
3298
3318
3336
3308
3336
3299
3353
3302
3328
3289
3348
3323
3335
3331
3326
3326
3324
3343
3325
3340
3341
3350
3331
3353
3318
3366
3355
3357
3340
3364
3371
3355
3342
3341
3353
3373
3362
3363
3347
3341
3358
3382
3366
3341
3346
3355
3336
3313
3300
3325
3318
3340
3347
3342
3331
3331
3325
3353
3343
3345
3334
3362
3362
3302
3286
3264
3283
3303
3279
3263
3273
3296
3281
3300
3286
3291
3300
3313
3311
3329
3321
3308
3313
3321
3321
3291
3293
3291
3283
3289
3276
3273
3263
3284
3289
3263
3263
3268
3272
3272
3263
3255
3273
3259
3282
3273
3282
3272
3282
3255
3251
3238
3230
3250
3235
3217
3206
3217
3219
3191
3212
3177
3163
3171
3190
3163
3174
3163
3163
3172
3170
3174
3165
3161
3163
3170
3158
3155
3165
3139
3132
3148
3144
3143
3103
3110
3107
3110
3110
3097
3099
3113
3099
3097
3097
3094
3094
3091
3090
3084
3081
3085
3084
3094
3068
3086
3084
3078
3084
3072
3062
3065
3058
3040
3043
3048
3042
3034
3021
3035
3014
3014
3001
2990
2982
2995
3001
3001
2987
2978
2987
2957
2942
2956
2947
2935
2934
2934
2934
2942
2934
2927
2913
2909
2924
2918
2928
2914
2899
2914
2907
2916
2895
2899
2916
2902
2899
2897
2898
2902
2893
2887
2902
2899
2894
2903
2905
2904
2909
2909
2911
2918
2921
2924
2930
2937
2934
2953
2960
2953
2962
2971
2969
2978
2988
2994
2991
2991
2995
3016
3008
3012
3014
3014
3020
3016
3007
3025
3016
3020
3020
3021
3026
3025
3007
3017
3007
3007
3020
3005
3014
3015
3017
3008
3019
3003
3001
2990
2989
3003
2995
2991
2995
3001
3003
2998
3012
2991
3012
3003
3010
2995
3014
3017
2991
3019
3026
3026
3027
3030
3022
3030
3040
3044
3050
3046
3052
3054
3065
3054
3072
3072
3068
3070
3084
3070
3080
3088
3081
3071
3094
3089
3097
3091
3104
3097
3101
3099
3112
3103
3101
3101
3110
3116
3122
3115
3103
3110
3116
3122
3118
3127
3128
3126
3126
3135
3131
3145
3127
3148
3149
3153
3142
3152
3154
3156
3135
3164
3170
3160
3161
3155
3160
3161
3161
3176
3163
3174
3176
3172
3171
3174
3166
3167
3174
3177
3169
3180
3182
3186
3174
3167
3164
3170
3187
3180
3171
3174
3182
3163
3170
3165
3163
3165
3167
3163
3163
3163
3158
3150
3151
3149
3174
3171
3180
3166
3177
3182
3181
3174
3184
3181
3181
3187
3201
3187
3209
3200
3195
3190
3180
3182
3183
3163
3166
3180
3167
3174
3158
3126
3131
3135
3142
3131
3123
3118
3131
3129
3108
3142
3155
3132
3122
3136
3127
3116
3104
3087
3101
3091
3097
3097
3091
3090
3094
3088
3089
3078
3055
3080
3075
3085
3091
3076
3075
3067
3085
3076
3084
3091
3099
3090
3067
3091
3078
3073
3091
3073
3059
3059
3062
3055
3069
3058
3035
3064
3046
3043
3022
2990
3030
3021
3021
3020
3020
3028
3027
3052
3039
3049
3072
3041
3054
3039
3041
3054
3059
3052
3062
3046
3052
3062
3046
3065
3067
3054
3046
3046
3054
3022
3021
3046
3027
3020
3040
3020
2998
2995
3008
3012
3020
2994
2990
2972
2950
2956
2960
2980
2926
2943
2919
2913
2916
2907
2899
2899
2884
2871
2864
2888
2852
2820
2812
2848
2841
2823
2825
2823
2803
2822
2801
2830
2791
2803
2798
2780
2790
2771
2774
2779
2771
2771
2771
2783
2806
2796
2801
2793
2812
2813
2832
2813
2838
2831
2825
2830
2850
2865
2879
2875
2908
2865
2867
2910
2924
2918
2911
2928
2953
2952
2957
2968
2989
2995
3009
3032
3043
3054
3055
3052
3074
3110
3137
3099
3117
3142
3155
3139
3170
3174
3187
3185
3191
3225
3187
3200
3199
3191
3218
3190
3225
3212
3190
3213
3213
3217
3209
3200
3200
3185
3180
3175
3151
3153
3139
3135
3123
3094
3097
3101
3090
3055
3053
3035
3025
3035
3004
3001
2995
2993
2982
2956
2945
2963
2937
2931
2937
2924
2914
2909
2911
2916
2893
2897
2897
2897
2889
2894
2875
2862
2867
2873
2870
2884
2867
2873
2875
2868
2854
2857
2850
2845
2851
2854
2844
2829
2839
2844
2833
2841
2838
2835
2829
2820
2830
2838
2825
2844
2852
2831
2829
2833
2843
2822
2831
2835
2841
2841
2854
2865
2873
2854
2845
2867
2870
2870
2862
2875
2886
2879
2883
2870
2892
2902
2907
2915
2903
2919
2915
2931
2924
2944
2946
2939
2934
2945
2956
2963
2948
2963
2973
2972
2976
2983
2980
2979
2979
2976
2989
2980
2975
2992
2991
2995
2999
2998
3016
3024
3003
3014
3025
3015
3017
3040
3044
3040
3039
3023
3034
3057
3046
3056
3039
3057
3059
3057
3047
3057
3058
3059
3058
3079
3062
3068
3075
3121
3038
3059
3071
3088
3064
3072
3080
3052
3072
3062
3059
3065
3056
3058
3059
3054
3044
3042
3030
3041
3033
3057
2995
3024
3036
3030
3007
3017
3014
3012
3012
2998
3001
3024
3020
3021
3020
3012
2991
3014
3014
3025
3035
3021
3003
3014
3003
3001
2995
3001
3005
2990
2995
2991
2990
2988
2978
2980
2971
2964
2980
2969
2966
2973
2978
2963
2982
2958
2972
2942
2935
2952
2993
2984
2937
2925
2935
2925
2918
2919
2921
2948
2947
2882
2916
2927
2918
2905
2902
2915
2912
2903
2902
2898
2895
2899
2899
2892
2894
2884
2887
2875
2875
2855
2872
2847
2852
2838
2830
2841
2830
2852
2852
2850
2838
2841
2835
2844
2852
2854
2852
2852
2857
2855
2854
2873
2873
2865
2886
2879
2889
2881
2899
2978
2829
2896
2905
2931
2935
2908
2913
2940
2944
2948
2956
2957
2958
2969
2969
2983
2979
2995
3009
3012
3020
3022
3014
3024
3033
3038
3040
3022
3044
3056
3035
3052
3044
3039
3055
3054
3057
3052
3074
3062
3054
3054
3053
3054
3064
3065
3068
3068
3074
3078
3055
3055
3065
3052
3053
3046
3037
3037
3043
3027
3033
3042
3022
3022
3021
3022
3014
3026
3033
3030
3040
3042
3022
3033
3021
3024
3021
3020
3014
3021
3012
3001
2990
2990
2993
2994
2985
2971
2959
2976
2963
2953
2951
2942
2952
2935
2934
2956
2944
2936
2927
2919
2909
2928
2918
2908
2908
2918
2905
2893
2897
2898
2875
2896
2877
2861
2861
2867
2849
2854
2855
2823
2839
2825
2828
2820
2806
2809
2802
2813
2786
2786
2781
2784
2766
2755
2755
2739
2744
2737
2738
2726
2736
2715
2715
2713
2708
2691
2681
2696
2675
2678
2683
2668
2670
2660
2643
2660
2648
2633
2628
2614
2610
2609
2589
2601
2587
2583
2573
2579
2573
2573
2578
2559
2553
2559
2557
2540
2534
2534
2537
2529
2523
2513
2510
2481
2495
2483
2471
2479
2480
2451
2438
2428
2441
2435
2427
2408
2400
2408
2406
2385
2391
2399
2363
2380
2367
2377
2358
2345
2372
2326
2332
2321
2335
2316
2290
2320
2340
2275
2316
2291
2284
2290
2320
2269
2288
2289
2268
2286
2263
2284
2290
2284
2284
2306
2304
2294
2289
2281
2268
2262
2265
2265
2254
2259
2247
2253
2267
2253
2259
2267
2287
2285
2291
2291
2296
2291
2301
2302
2302
2305
2323
2310
2326
2330
2326
2338
2333
2343
2348
2354
2355
2364
2366
2377
2382
2390
2380
2385
2399
2387
2402
2399
2402
2407
2411
2424
2428
2436
2423
2431
2443
2448
2457
2467
2463
2467
2476
2488
2496
2497
2508
2507
2521
2503
2537
2518
2530
2534
2545
2534
2545
2553
2556
2543
2553
2551
2558
2553
2557
2550
2557
2560
2543
2552
2541
2553
2547
2542
2547
2542
2534
2541
2534
2534
2537
2527
2529
2531
2532
2530
2530
2528
2520
2508
2511
2523
2520
2519
2524
2521
2508
2518
2515
2521
2509
2518
2515
2521
2518
2510
2521
2513
2508
2515
2508
2510
2513
2505
2505
2508
2505
2512
2500
2495
2497
2487
2500
2478
2479
2496
2478
2491
2486
2478
2483
2493
2491
2492
2500
2486
2497
2491
2502
2497
2504
2514
2513
2510
2513
2502
2509
2513
2518
2510
2515
2511
2518
2519
2528
2524
2532
2534
2534
2539
2534
2537
2545
2541
2555
2534
2550
2548
2551
2556
2551
2553
2560
2569
2563
2557
2556
2566
2568
2578
2557
2566
2573
2577
2563
2578
2566
2573
2572
2578
2573
2579
2582
2579
2579
2583
2592
2585
2594
2595
2592
2590
2588
2598
2595
2598
2601
2601
2591
2595
2595
2589
2606
2608
2604
2601
2582
2567
2606
2619
2591
2605
2619
2617
2598
2605
2569
2611
2587
2639
2614
2594
2624
2620
2617
2595
2625
2604
2591
2599
2610
2587
2574
2587
2582
2582
2574
2582
2585
2579
2574
2566
2572
2566
2568
2564
2561
2567
2562
2564
2572
2561
2562
2568
2563
2569
2569
2572
2595
2561
2556
2558
2557
2576
2580
2577
2566
2572
2577
2577
2567
2567
2572
2579
2578
2574
2563
2574
2579
2577
2568
2584
2566
2561
2543
2557
2551
2553
2552
2553
2547
2550
2532
2527
2552
2537
2525
2531
2531
2524
2531
2535
2531
2540
2545
2540
2534
2542
2542
2547
2556
2560
2558
2573
2569
2572
2578
2587
2596
2579
2601
2595
2594
2611
2609
2624
2632
2615
2620
2617
2628
2619
2630
2633
2628
2636
2615
2621
2633
2628
2624
2621
2628
2631
2619
2619
2614
2627
2625
2628
2619
2627
2633
2615
2633
2633
2630
2643
2619
2628
2642
2631
2646
2642
2649
2649
2641
2630
2636
2642
2638
2631
2639
2647
2641
2628
2636
2640
2623
2623
2636
2628
2625
2624
2614
2611
2619
2606
2617
2614
2604
2604
2599
2611
2624
2616
2609
2609
2617
2614
2598
2605
2614
2616
2611
2603
2607
2606
2617
2617
2624
2625
2627
2633
2640
2630
2623
2630
2633
2623
2632
2642
2636
2633
2638
2627
2642
2642
2625
2630
2633
2619
2614
2617
2599
2606
2614
2604
2606
2604
2595
2595
2605
2598
2604
2587
2591
2585
2583
2585
2577
2582
2577
2588
2567
2578
2572
2561
2557
2572
2572
2561
2553
2559
2550
2560
2555
2562
2553
2558
2563
2544
2553
2545
2544
2541
2541
2542
2542
2547
2535
2542
2535
2539
2544
2539
2535
2527
2530
2531
2534
2536
2531
2534
2535
2532
2544
2541
2540
2546
2545
2545
2543
2531
2541
2547
2540
2543
2540
2552
2523
2525
2550
2545
2547
2550
2547
2546
2547
2542
2541
2550
2534
2531
2540
2527
2526
2527
2529
2518
2535
2519
2524
2532
2510
2518
2524
2532
2521
2513
2521
2509
2513
2526
2503
2510
2508
2513
2508
2496
2514
2505
2505
2504
2496
2491
2502
2491
2494
2478
2493
2486
2486
2477
2471
2489
2473
2489
2488
2478
2478
2472
2470
2470
2477
2476
2463
2461
2470
2461
2475
2466
2454
2471
2470
2468
2489
2483
2482
2484
2492
2478
2491
2505
2495
2504
2502
2499
2518
2508
2515
2514
2513
2500
2511
2521
2508
2521
2519
2515
2525
2523
2532
2540
2537
2537
2545
2540
2546
2551
2542
2542
2541
2546
2546
2556
2551
2548
2546
2541
2534
2547
2553
2546
2537
2534
2534
2541
2531
2532
2521
2523
2521
2515
2524
2511
2532
2518
2509
2521
2511
2518
2530
2521
2532
2513
2510
2521
2510
2503
2502
2519
2518
2512
2510
2512
2508
2510
2502
2502
2510
2515
2505
2508
2512
2505
2512
2502
2509
2514
2508
2497
2503
2507
2491
2504
2500
2491
2508
2515
2502
2508
2502
2504
2489
2504
2478
2492
2479
2483
2489
2491
2491
2497
2487
2489
2489
2473
2478
2489
2483
2476
2471
2483
2486
2481
2489
2478
2478
2472
2470
2482
2483
2486
2482
2467
2461
2456
2451
2412
2436
2451
2436
2464
2468
2451
2460
2445
2444
2450
2447
2449
2439
2438
2446
2441
2444
2438
2445
2435
2430
2443
2441
2430
2425
2441
2428
2432
2427
2439
2440
2440
2432
2423
2430
2435
2430
2436
2431
2427
2435
2444
2446
2450
2460
2441
2439
2436
2435
2430
2435
2438
2464
2457
2466
2460
2472
2465
2460
2471
2477
2476
2489
2481
2463
2471
2482
2496
2478
2486
2486
2492
2486
2483
2489
2483
2493
2487
2479
2496
2487
2503
2513
2510
2504
2505
2495
2513
2508
2518
2514
2504
2508
2489
2502
2520
2495
2510
2500
2503
2512
2504
2509
2503
2502
2499
2509
2504
2515
2491
2520
2513
2505
2508
2500
2515
2521
2513
2512
2521
2510
2521
2513
2509
2514
2511
2521
2513
2511
2525
2521
2519
2523
2524
2518
2535
2527
2534
2522
2525
2532
2535
2525
2541
2540
2535
2552
2546
2542
2535
2552
2534
2524
2542
2535
2541
2540
2534
2530
2527
2521
2530
2509
2531
2525
2532
2528
2529
2525
2529
2518
2520
2515
2510
2521
2523
2508
2505
2522
2520
2510
2508
2493
2525
2502
2509
2513
2508
2515
2505
2515
2514
2513
2509
2534
2523
2536
2523
2518
2552
2527
2535
2548
2565
2566
2587
2601
2599
2610
2647
2743
2489
2441
2688
2521
2536
2560
2582
2604
2588
2579
2579
2598
2587
2617
2619
2620
2649
2660
2668
2663
2659
2662
2664
2658
2636
2643
2651
2659
2689
2669
2662
2660
2668
2674
2657
2670
2658
2675
2669
2670
2689
2694
2713
2702
2695
2695
2707
2713
2705
2707
2737
2716
2707
2700
2720
2691
2702
2700
2700
2687
2702
2674
2689
2673
2674
2675
2668
2653
2652
2658
2656
2660
2659
2665
2648
2633
2631
2649
2628
2640
2641
2624
2633
2620
2611
2617
2617
2598
2593
2609
2585
2588
2582
2572
2574
2575
2578
2567
2588
2579
2578
2584
2572
2588
2574
2588
2592
2585
2594
2595
2584
2585
2608
2585
2608
2595
2590
2606
2614
2624
2614
2619
2611
2624
2617
2621
2633
2633
2623
2641
2637
2638
2646
2643
2651
2658
2660
2649
2662
2656
2665
2662
2653
2655
2659
2675
2653
2665
2673
2673
2668
2665
2662
2670
2672
2653
2669
2673
2662
2673
2674
2668
2662
2662
2673
2665
2673
2662
2674
2659
2660
2647
2651
2654
2649
2641
2646
2637
2637
2640
2623
2630
2630
2615
2619
2617
2605
2598
2598
2591
2589
2587
2587
2595
2590
2582
2588
2577
2567
2566
2567
2572
2577
2572
2584
2579
2579
2582
2574
2582
2585
2575
2585
2585
2582
2583
2582
2588
2595
2596
2589
2583
2594
2588
2604
2583
2587
2583
2598
2587
2590
2595
2599
2601
2598
2589
2599
2606
2610
2604
2606
2601
2611
2606
2609
2599
2614
2606
2599
2599
2616
2609
2617
2611
2614
2614
2611
2605
2609
2604
2604
2608
2594
2588
2579
2582
2587
2590
2598
2572
2582
2563
2546
2553
2534
2539
2530
2532
2539
2541
2547
2540
2530
2530
2531
2511
2510
2513
2504
2486
2504
2491
2486
2475
2477
2467
2460
2468
2460
2457
2459
2459
2457
2438
2431
2432
2441
2454
2441
2454
2431
2435
2449
2449
2438
2439
2443
2423
2454
2451
2454
2456
2464
2459
2470
2477
2476
2476
2457
2468
2467
2491
2488
2478
2504
2505
2514
2515
2534
2531
2518
2503
2528
2553
2582
2556
2545
2559
2576
2576
2578
2579
2563
2572
2569
2572
2588
2573
2579
2555
2588
2574
2585
2573
2579
2582
2579
2566
2567
2575
2567
2568
2560
2572
2563
2568
2585
2572
2569
2568
2547
2535
2585
2574
2524
2564
2560
2532
2560
2569
2567
2598
2588
2577
2563
2478
2473
2526
2553
2566
2547
2545
2544
2545
2561
2524
2508
2523
2497
2497
2519
2523
2493
2489
2511
2562
2523
2470
2435
2439
2499
2495
2513
2513
2486
2500
2470
2462
2467
2455
2491
2500
2470
2449
2495
2477
2505
2463
2445
2518
2523
2494
2459
2470
2489
2511
2560
2513
2480
2491
2488
2502
2487
2509
2530
2530
2542
2534
2510
2544
2557
2530
2468
2508
2563
2553
2547
2521
2545
2573
2550
2537
2547
2530
2562
2584
2563
2560
2573
2584
2566
2574
2587
2574
2560
2572
2569
2596
2596
2572
2587
2617
2604
2604
2614
2595
2605
2624
2611
2608
2638
2614
2611
2630
2623
2636
2652
2652
2641
2651
2630
2628
2636
2653
2656
2652
2655
2651
2638
2639
2647
2659
2660
2654
2651
2668
2659
2662
2651
2651
2651
2652
2665
2658
2658
2658
2649
2662
2649
2648
2633
2659
2662
2649
2643
2638
2643
2623
2631
2643
2642
2633
2649
2642
2632
2642
2641
2642
2614
2635
2625
2623
2608
2620
2656
2636
2611
2624
2615
2624
2615
2604
2609
2614
2595
2606
2604
2587
2583
2596
2595
2589
2594
2574
2572
2585
2579
2563
2574
2585
2578
2563
2557
2558
2563
2561
2569
2551
2560
2543
2550
2555
2547
2547
2547
2547
2550
2542
2550
2548
2547
2542
2541
2542
2535
2547
2545
2534
2545
2525
2534
2544
2534
2527
2534
2532
2526
2532
2531
2525
2529
2530
2524
2524
2528
2532
2523
2523
2537
2523
2523
2530
2518
2520
2503
2510
2503
2513
2521
2511
2515
2512
2502
2510
2509
2508
2508
2507
2508
2503
2515
2505
2524
2521
2515
2502
2503
2520
2510
2524
2513
2530
2520
2519
2524
2513
2515
2519
2523
2523
2528
2529
2530
2521
2515
2518
2532
2521
2530
2532
2518
2523
2525
2532
2536
2515
2523
2521
2521
2518
2530
2537
2531
2527
2531
2524
2534
2525
2531
2534
2534
2545
2535
2545
2540
2545
2541
2553
2547
2545
2547
2550
2547
2560
2545
2551
2556
2557
2561
2561
2569
2572
2550
2566
2569
2572
2566
2566
2561
2561
2577
2573
2564
2569
2561
2556
2556
2582
2555
2555
2566
2555
2550
2561
2556
2558
2546
2556
2547
2535
2546
2550
2547
2547
2541
2544
2542
2535
2531
2540
2540
2540
2537
2536
2534
2540
2536
2518
2525
2534
2539
2545
2563
2545
2525
2515
2521
2536
2544
2531
2514
2523
2502
2519
2518
2520
2499
2526
2518
2512
2524
2508
2516
2515
2515
2491
2525
2495
2540
2499
2518
2495
2503
2512
2513
2505
2521
2525
2500
2525
2521
2508
2523
2523
2521
2512
2521
2528
2523
2521
2518
2526
2513
2519
2509
2526
2532
2520
2524
2526
2534
2534
2528
2531
2528
2530
2521
2524
2537
2531
2523
2531
2534
2540
2545
2534
2539
2545
2535
2540
2542
2552
2551
2557
2550
2562
2556
2568
2563
2563
2569
2569
2557
2578
2563
2572
2558
2559
2573
2561
2566
2559
2569
2568
2563
2585
2572
2577
2582
2571
2577
2572
2569
2573
2566
2576
2577
2569
2578
2577
2567
2574
2574
2569
2568
2566
2567
2572
2577
2568
2563
2558
2563
2576
2556
2564
2561
2555
2550
2560
2547
2547
2543
2531
2540
2552
2545
2529
2541
2540
2535
2529
2534
2531
2527
2531
2537
2536
2534
2528
2534
2540
2531
2536
2542
2525
2530
2537
2527
2532
2541
2540
2540
2534
2536
2527
2540
2542
2537
2534
2537
2535
2541
2531
2531
2532
2532
2534
2531
2529
2525
2529
2531
2531
2515
2540
2523
2544
2532
2540
2523
2525
2534
2531
2532
2546
2541
2535
2525
2534
2542
2534
2552
2546
2543
2542
2542
2552
2545
2553
2553
2554
2557
2551
2550
2557
2561
2562
2550
2560
2559
2572
2550
2558
2562
2535
2572
2555
2558
2562
2569
2556
2555
2557
2568
2563
2551
2574
2561
2578
2585
2582
2579
2589
2585
2596
2587
2596
2611
2606
2598
2614
2591
2601
2610
2617
2599
2620
2611
2617
2625
2619
2632
2611
2624
2632
2631
2631
2633
2633
2640
2631
2627
2630
2625
2631
2631
2633
2631
2636
2619
2630
2642
2643
2628
2614
2619
2625
2614
2624
2614
2609
2624
2624
2606
2607
2608
2595
2598
2595
2583
2598
2592
2588
2590
2585
2589
2582
2594
2574
2574
2576
2582
2579
2585
2569
2572
2576
2567
2571
2558
2572
2572
2566
2552
2558
2555
2562
2542
2541
2544
2550
2542
2542
2540
2535
2548
2529
2531
2540
2546
2531
2535
2537
2541
2540
2544
2541
2540
2541
2546
2531
2552
2540
2542
2542
2553
2556
2563
2553
2553
2561
2569
2561
2563
2577
2578
2567
2582
2575
2585
2583
2585
2584
2587
2595
2589
2585
2596
2596
2596
2587
2604
2601
2599
2592
2591
2600
2598
2601
2598
2598
2595
2587
2589
2585
2596
2592
2579
2596
2592
2592
2585
2573
2582
2577
2566
2577
2570
2559
2566
2558
2569
2568
2550
2572
2547
2550
2547
2553
2547
2541
2564
2542
2551
2556
2550
2537
2529
2562
2576
2577
2550
2550
2561
2562
2547
2563
2553
2563
2561
2563
2557
2569
2555
2568
2557
2555
2563
2560
2564
2559
2563
2558
2566
2563
2573
2572
2572
2566
2569
2566
2562
2562
2561
2562
2551
2555
2572
2563
2566
2563
2566
2569
2576
2561
2559
2559
2563
2557
2559
2563
2568
2577
2566
2566
2572
2569
2558
2569
2566
2567
2566
2567
2569
2567
2576
2579
2569
2574
2578
2585
2563
2563
2578
2572
2578
2578
2567
2568
2563
2582
2577
2577
2563
2563
2577
2575
2573
2582
2582
2587
2588
2589
2585
2585
2596
2599
2599
2595
2589
2611
2610
2605
2608
2599
2606
2611
2617
2617
2617
2609
2617
2611
2619
2625
2611
2617
2614
2606
2628
2605
2616
2611
2606
2609
2611
2617
2606
2604
2611
2617
2598
2608
2616
2609
2609
2596
2587
2590
2592
2600
2582
2606
2592
2594
2587
2600
2592
2588
2585
2592
2579
2579
2580
2573
2567
2569
2564
2566
2563
2573
2569
2563
2580
2577
2567
2569
2566
2577
2574
2566
2577
2574
2572
2563
2557
2582
2572
2563
2578
2569
2584
2571
2579
2579
2579
2572
2573
2574
2557
2553
2566
2563
2557
2561
2556
2556
2550
2550
2561
2564
2567
2566
2547
2566
2561
2569
2568
2563
2567
2574
2579
2563
2569
2563
2578
2578
2567
2573
2577
2567
2574
2576
2573
2579
2592
2595
2582
2587
2589
2592
2589
2603
2594
2587
2601
2605
2606
2604
2607
2614
2608
2611
2615
2617
2625
2628
2630
2623
2630
2641
2636
2630
2632
2627
2637
2641
2640
2648
2642
2652
2638
2646
2643
2649
2630
2653
2638
2649
2636
2641
2641
2632
2648
2644
2636
2637
2636
2630
2630
2638
2633
2630
2623
2633
2633
2627
2628
2627
2631
2631
2641
2631
2652
2649
2658
2652
2659
2653
2662
2663
2675
2678
2678
2689
2692
2697
2688
2691
2691
2695
2683
2694
2696
2705
2702
2701
2695
2707
2706
2710
2712
2703
2713
2716
2710
2722
2716
2721
2702
2716
2713
2711
2713
2705
2700
2715
2700
2726
2710
2707
2702
2703
2702
2705
2697
2697
2695
2705
2691
2700
2696
2696
2678
2689
2688
2688
2681
2683
2669
2672
2662
2674
2665
2660
2655
2667
2660
2653
2688
2636
2642
2636
2630
2631
2604
2609
2610
2600
2585
2577
2566
2563
2582
2515
2457
2491
2488
2466
2465
2476
2457
2483
2423
2380
2361
2367
2349
2361
2326
2310
2321
2291
2294
2297
2287
2284
2276
2259
2247
2318
2166
2199
2248
2211
2204
2190
2183
2190
2194
2198
2201
2198
2198
2212
2201
2210
2198
2220
2220
2233
2244
2252
2268
2284
2296
2302
2324
2332
2342
2374
2374
2387
2403
2422
2422
2441
2468
2466
2471
2478
2479
2493
2513
2510
2531
2524
2545
2542
2563
2567
2569
2585
2585
2579
2574
2579
2617
2617
2608
2605
2543
2579
2619
2624
2625
2623
2646
2649
2660
2668
2672
2655
2662
2664
2658
2657
2652
2649
2647
2623
2638
2630
2623
2643
2637
2504
2636
2641
2611
2542
2573
2540
2541
2547
2491
2934
2463
2510
2572
2561
2561
2582
2547
2598
2638
2486
2504
2566
2535
2504
2491
2473
2447
2531
2500
2502
2497
2512
2467
2465
2470
2456
2496
2422
2440
2459
2395
2428
2448
2406
2372
2387
2417
2424
2406
2396
2397
2393
2401
2393
2398
2395
2399
2404
2406
2403
2407
2425
2417
2422
2440
2428
2443
2430
2446
2450
2445
2460
2445
2447
2454
2478
2459
2466
2471
2478
2476
2488
2486
2483
2491
2489
2491
2505
2500
2497
2500
2497
2477
2496
2512
2491
2508
2499
2491
2513
2502
2516
2508
2513
2511
2505
2508
2514
2513
2520
2513
2513
2518
2514
2515
2514
2502
2502
2510
2512
2516
2521
2510
2493
2495
2518
2516
2513
2499
2508
2520
2511
2509
2503
2502
2512
2505
2514
2505
2502
2500
2505
2508
2491
2491
2514
2493
2509
2504
2491
2502
2500
2492
2496
2502
2489
2487
2489
2496
2491
2489
2487
2491
2500
2497
2489
2496
2500
2487
2487
2489
2487
2500
2483
2491
2488
2489
2496
2496
2500
2505
2496
2498
2496
2491
2496
2496
2497
2492
2491
2500
2504
2492
2476
2489
2495
2499
2470
2483
2500
2504
2500
2488
2494
2483
2495
2495
2491
2489
2496
2483
2500
2497
2505
2487
2496
2500
2500
2495
2486
2491
2504
2495
2499
2496
2483
2495
2500
2500
2500
2496
2483
2483
2481
2492
2477
2476
2478
2471
2444
2462
2482
2460
2467
2439
2477
2438
2463
2494
2489
2452
2501
2478
2463
2463
2471
2466
2422
2417
2446
2468
2464
2452
2489
2440
2481
2481
2472
2450
2483
2472
2452
2433
2481
2404
2451
2481
2476
2477
2464
2466
2456
2462
2457
2448
2428
2449
2451
2454
2454
2450
2454
2445
2451
2438
2450
2444
2460
2459
2467
2463
2460
2464
2465
2462
2456
2470
2466
2461
2472
2468
2459
2466
2458
2463
2461
2451
2454
2460
2459
2446
2454
2455
2451
2460
2459
2461
2459
2460
2464
2457
2467
2461
2470
2466
2457
2460
2470
2464
2460
2459
2465
2463
2467
2461
2468
2457
2467
2457
2445
2464
2467
2451
2461
2451
2449
2464
2457
2460
2459
2457
2457
2455
2449
2449
2445
2451
2446
2452
2445
2436
2438
2450
2441
2431
2432
2448
2423
2414
2429
2438
2454
2422
2448
2441
2414
2427
2412
2459
2480
2470
2457
2438
2431
2427
2428
2440
2430
2441
2440
2446
2441
2409
2428
2436
2449
2422
2457
2449
2439
2435
2450
2435
2444
2457
2443
2449
2449
2436
2434
2440
2436
2436
2436
2448
2430
2435
2423
2435
2430
2435
2407
2444
2441
2446
2444
2422
2435
2413
2438
2435
2433
2431
2417
2451
2450
2440
2444
2440
2435
2435
2427
2427
2422
2428
2431
2427
2445
2450
2431
2428
2448
2444
2449
2427
2439
2450
2419
2446
2441
2436
2430
2446
2441
2443
2440
2457
2422
2441
2435
2435
2441
2435
2441
2436
2440
2444
2445
2423
2446
2428
2441
2435
2435
2424
2445
2445
2438
2441
2431
2425
2427
2436
2440
2433
2432
2432
2428
2427
2439
2428
2444
2441
2424
2422
2422
2449
2433
2417
2422
2397
2445
2434
2425
2419
2419
2409
2408
2440
2419
2424
2415
2407
2416
2423
2419
2412
2428
2423
2413
2402
2419
2399
2406
2403
2406
2425
2393
2406
2390
2423
2397
2395
2401
2399
2412
2419
2398
2430
2311
2408
2431
2393
2408
2395
2396
2395
2386
2375
2424
2393
2404
2395
2374
2411
2387
2392
2406
2392
2406
2380
2377
2425
2387
2393
2359
2428
2397
2363
2382
2393
2381
2384
2351
2340
2310
2433
2296
2308
2436
2422
2415
2406
2440
2444
2419
2402
2440
2441
2444
2402
2427
2419
2423
2361
2380
2333
2395
2393
2393
2417
2395
2403
2380
2359
2358
2383
2348
2384
2331
2313
2278
2318
2390
2423
2382
2363
2380
2382
2427
2376
2327
2380
2385
2381
2350
2423
2462
2478
2425
2441
2414
2404
2382
2355
2323
2382
2360
2399
2382
2424
2438
2392
2343
2340
2355
2372
2397
2338
2321
2376
2310
2350
2445
2351
2423
2328
2411
2327
2340
2328
2349
2348
2321
2303
2348
2351
2395
2375
2355
2246
2310
2348
2336
2310
2295
2285
2289
2174
2336
2557
2431
2446
2446
2406
2396
2393
2355
2363
2329
2342
2339
2350
2381
2361
2372
2380
2361
2350
2351
2338
2342
2343
2349
2337
2356
2350
2368
2355
2349
2331
2339
2323
2328
2342
2369
2355
2382
2402
2361
2348
2323
2322
2329
2390
2376
2363
2380
2380
2345
2368
2327
2323
2302
2319
2343
2286
2312
2296
2352
2381
2381
2339
2364
2355
2281
2351
2369
2368
2400
2400
2397
2383
2377
2358
2358
2349
2348
2342
2361
2355
2343
2354
2350
2350
2351
2360
2345
2361
2353
2349
2358
2361
2342
2363
2345
2361
2348
2347
2364
2348
2353
2360
2353
2345
2342
2345
2342
2342
2350
2354
2348
2353
2332
2344
2363
2372
2351
2358
2352
2356
2360
2343
2353
2354
2374
2353
2361
2361
2355
2342
2363
2340
2355
2339
2327
2371
2358
2375
2363
2350
2342
2367
2333
2363
2338
2175
2443
2425
2387
2363
2349
2339
2368
2368
2355
2358
2366
2361
2355
2381
2359
2348
2360
2368
2359
2363
2353
2354
2354
2305
2384
2365
2356
2349
2351
2359
2358
2372
2386
2374
2371
2337
2300
2409
2425
2409
2368
2535
2560
2585
2483
2438
2435
2380
2302
2227
2216
2269
2307
2340
2433
2454
2358
2397
2404
2363
2320
2281
2265
2284
2320
2327
2336
2342
2351
2361
2367
2361
2364
2361
2368
2363
2384
2374
2375
2387
2387
2387
2406
2403
2400
2422
2417
2414
2409
2414
2412
2413
2422
2406
2414
2407
2409
2419
2425
2402
2400
2408
2409
2390
2383
2380
2375
2380
2369
2372
2359
2372
2375
2359
2377
2386
2380
2387
2385
2374
2383
2387
2400
2392
2390
2384
2386
2396
2390
2387
2391
2392
2367
2375
2384
2372
2376
2374
2384
2371
2387
2386
2372
2386
2382
2377
2385
2382
2382
2375
2383
2386
2392
2387
2387
2383
2396
2387
2399
2387
2393
2390
2400
2382
2391
2387
2390
2382
2393
2398
2400
2396
2383
2382
2393
2383
2391
2397
2404
2382
2395
2404
2385
2386
2393
2400
2397
2397
2397
2385
2387
2390
2399
2382
2385
2381
2396
2381
2396
2396
2393
2403
2401
2388
2385
2393
2393
2406
2396
2401
2390
2393
2393
2402
2395
2392
2385
2387
2395
2392
2400
2403
2393
2396
2390
2396
2396
2393
2382
2395
2393
2390
2393
2381
2387
2393
2388
2384
2400
2375
2382
2381
2393
2396
2385
2382
2395
2390
2387
2381
2393
2392
2388
2379
2385
2390
2383
2396
2396
2393
2386
2387
2386
2390
2386
2382
2393
2382
2391
2393
2396
2387
2393
2397
2381
2397
2381
2388
2392
2393
2396
2385
2380
2390
2380
2374
2395
2380
2386
2377
2375
2383
2384
2382
2386
2380
2388
2383
2382
2383
2383
2381
2387
2384
2393
2385
2390
2380
2393
2395
2381
2382
2382
2374
2400
2382
2381
2385
2390
2390
2382
2387
2393
2382
2392
2387
2382
2385
2393
2406
2387
2381
2374
2387
2395
2393
2396
2396
2406
2387
2383
2393
2396
2395
2391
2396
2404
2396
2390
2408
2390
2398
2395
2390
2403
2401
2396
2396
2383
2401
2395
2400
2404
2393
2404
2397
2396
2397
2397
2409
2403
2400
2408
2400
2397
2395
2409
2404
2406
2400
2398
2408
2398
2393
2404
2398
2393
2404
2407
2406
2383
2397
2404
2397
2397
2387
2404
2404
2387
2395
2404
2402
2400
2401
2395
2396
2391
2401
2393
2387
2393
2400
2383
2393
2395
2402
2393
2390
2404
2390
2402
2391
2390
2396
2412
2393
2387
2391
2402
2408
2400
2393
2383
2393
2400
2393
2396
2393
2396
2404
2393
2396
2392
2395
2387
2391
2402
2400
2404
2404
2395
2402
2395
2385
2417
2396
2395
2400
2402
2403
2393
2381
2387
2393
2399
2395
2400
2397
2393
2395
2393
2396
2400
2395
2400
2395
2403
2395
2392
2390
2403
2387
2400
2396
2403
2387
2393
2390
2395
2395
2402
2402
2383
2393
2390
2395
2385
2401
2390
2381
2395
2383
2404
2398
2390
2383
2403
2400
2395
2406
2390
2396
2403
2390
2395
2400
2393
2398
2393
2396
2390
2395
2400
2390
2390
2406
2387
2395
2403
2395
2393
2385
2387
2387
2396
2404
2399
2402
2406
2400
2400
2404
2390
2397
2391
2395
2396
2406
2391
2396
2396
2396
2400
2400
2390
2392
2397
2387
2387
2388
2395
2381
2404
2393
2391
2406
2393
2408
2401
2391
2392
2400
2402
2406
2407
2393
2403
2407
2383
2392
2393
2393
2390
2404
2404
2386
2403
2397
2383
2380
2387
2387
2404
2403
2388
2385
2390
2402
2396
2404
2395
2382
2388
2396
2390
2400
2393
2395
2382
2390
2390
2390
2395
2383
2403
2397
2398
2396
2396
2390
2387
2386
2393
2393
2402
2396
2387
2397
2383
2395
2387
2387
2396
2392
2395
2396
2395
2391
2390
2387
2396
2393
2390
2382
2390
2399
2400
2391
2400
2387
2400
2396
2393
2397
2392
2393
2382
2400
2393
2396
2396
2387
2392
2400
2382
2390
2391
2381
2400
2395
2395
2382
2387
2402
2406
2404
2395
2390
2396
2395
2387
2391
2408
2397
2393
2398
2393
2401
2396
2397
2397
2393
2395
2396
2395
2395
2393
2403
2412
2402
2387
2409
2397
2395
2393
2396
2387
2393
2387
2393
2383
2396
2398
2402
2393
2403
2401
2387
2383
2393
2387
2400
2395
2403
2400
2387
2387
2393
2397
2397
2400
2406
2396
2402
2393
2385
2403
2400
2407
2406
2390
2383
2403
2401
2404
2397
2406
2393
2400
2404
2387
2397
2397
2395
2393
2395
2396
2400
2401
2400
2403
2387
2392
2393
2383
2395
2385
2392
2396
2390
2408
2387
2383
2397
2403
2395
2386
2396
2381
2402
2393
2387
2393
2398
2383
2396
2400
2390
2404
2380
2381
2395
2393
2404
2395
2398
2390
2390
2393
2397
2392
2400
2375
2390
2403
2390
2386
2387
2395
2393
2404
2404
2390
2387
2396
2404
2383
2396
2382
2391
2395
2396
2390
2390
2381
2402
2402
2393
2393
2391
2390
2393
2391
2396
2395
2387
2401
2385
2387
2390
2387
2400
2391
2393
2391
2395
2393
2392
2382
2400
2400
2397
2390
2383
2390
2400
2392
2390
2393
2385
2396
2393
2380
2387
2400
2395
2396
2387
2402
2390
2393
2393
2390
2393
2396
2400
2387
2393
2395
2383
2390
2403
2386
2386
2397
2395
2393
2387
2396
2387
2385
2393
2382
2388
2383
2391
2393
2382
2395
2382
2380
2390
2390
2395
2396
2387
2381
2382
2393
2393
2393
2391
2404
2396
2396
2393
2393
2390
2381
2387
2395
2396
2404
2381
2385
2388
2390
2380
2395
2393
2396
2393
2395
2390
2391
2393
2396
2387
2375
2404
2397
2393
2400
2390
2382
2399
2396
2391
2382
2397
2395
2400
2400
2404
2393
2383
2397
2393
2390
2397
2390
2383
2400
2396
2400
2401
2391
2385
2395
2393
2393
2390
2404
2397
2395
2390
2391
2387
2394
2395
2393
2387
2396
2387
2400
2397
2397
2390
2393
2390
2396
2400
2396
2387
2392
2403
2404
2396
2382
2395
2392
2382
2392
2383
2404
2387
2404
2395
2392
2403
2386
2397
2400
2392
2393
2386
2383
2387
2394
2382
2387
2387
2394
2385
2390
2393
2382
2385
2381
2380
2383
2390
2387
2393
2390
2395
2393
2387
2392
2375
2385
2384
2383
2387
2385
2387
2383
2390
2383
2397
2393
2381
2381
2379
2380
2396
2390
2382
2383
2390
2385
2387
2391
2400
2379
2387
2395
2387
2395
2380
2391
2385
2393
2396
2390
2390
2387
2381
2400
2390
2390
2387
2385
2387
2383
2382
2385
2395
2390
2390
2383
2393
2391
2386
2385
2395
2403
2381
2383
2387
2380
2397
2400
2387
2393
2395
2396
2392
2393
2390
2381
2396
2406
2393
2404
2390
2383
2383
2397
2396
2390
2393
2404
2388
2400
2393
2383
2387
2387
2387
2402
2393
2387
2396
2383
2382
2393
2374
2396
2397
2385
2400
2382
2387
2400
2387
2401
2406
2381
2404
2393
2383
2393
2395
2392
2382
2393
2404
2387
2387
2400
2390
2390
2401
2397
2395
2383
2396
2390
2397
2399
2391
2391
2411
2393
2404
2392
2396
2387
2403
2396
2397
2400
2393
2393
2395
2396
2390
2391
2381
2391
2381
2387
2390
2387
2393
2388
2396
2393
2385
2397
2381
2395
2395
2393
2396
2391
2385
2403
2375
2390
2387
2387
2393
2382
2383
2395
2392
2390
2393
2380
2397
2387
2393
2400
2393
2396
2400
2390
2393
2393
2396
2390
2395
2390
2381
2397
2391
2391
2395
2399
2387
2387
2383
2383
2387
2396
2385
2385
2398
2382
2390
2382
2393
2397
2391
2393
2385
2387
2386
2390
2393
2387
2387
2396
2387
2382
2383
2387
2396
2402
2385
2395
2393
2390
2388
2392
2395
2393
2380
2400
2402
2395
2383
2403
2397
2387
2403
2393
2397
2396
2386
2397
2390
2393
2390
2396
2406
2396
2395
2387
2397
2399
2400
2395
2393
2403
2396
2390
2402
2390
2371
2395
2402
2397
2392
2396
2392
2395
2403
2384
2387
2387
2387
2391
2393
2391
2393
2385
2397
2383
2381
2390
2390
2386
2390
2396
2381
2382
2393
2393
2390
2396
2395
2382
2391
2400
2396
2396
2386
2388
2397
2393
2393
2381
2396
2393
2397
2402
2395
2387
2396
2404
2402
2387
2383
2393
2391
2393
2390
2390
2390
2395
2390
2393
2393
2397
2404
2400
2404
2393
2401
2351
2422
2424
2387
2402
2419
2395
2400
2393
2397
2391
2399
2406
2404
2400
2387
2404
2391
2393
2395
2393
2384
2385
2381
2402
2402
2383
2390
2374
2396
2383
2380
2381
2383
2385
2387
2381
2371
2375
2383
2384
2388
2386
2381
2380
2382
2385
2385
2382
2386
2385
2380
2380
2380
2382
2396
2377
2393
2387
2387
2384
2390
2387
2375
2393
2374
2387
2397
2385
2385
2380
2380
2387
2392
2392
2387
2383
2385
2382
2400
2382
2393
2390
2387
2393
2395
2383
2400
2387
2390
2393
2393
2393
2382
2393
2396
2384
2387
2383
2385
2384
2396
2382
2385
2391
2381
2375
2393
2382
2393
2382
2390
2393
2374
2385
2387
2381
2388
2390
2397
2382
2392
2393
2384
2393
2385
2395
2404
2391
2396
2393
2396
2397
2393
2395
2390
2397
2402
2387
2391
2396
2391
2382
2399
2400
2383
2400
2393
2383
2402
2381
2381
2390
2397
2396
2397
2402
2400
2400
2397
2404
2390
2381
2390
2391
2398
2387
2398
2404
2400
2393
2396
2397
2391
2391
2400
2390
2395
2393
2393
2393
2391
2387
2381
2406
2402
2397
2396
2401
2387
2387
2385
2387
2395
2390
2395
2397
2397
2396
2390
2393
2390
2381
2382
2390
2387
2382
2374
2400
2375
2387
2383
2382
2392
2385
2386
2382
2390
2390
2384
2380
2383
2400
2387
2386
2385
2374
2377
2379
2380
2382
2374
2392
2375
2377
2386
2381
2377
2375
2381
2393
2387
2386
2401
2390
2387
2383
2393
2391
2395
2381
2390
2387
2388
2387
2387
2382
2381
2396
2404
2403
2395
2391
2387
2403
2383
2408
2404
2382
2400
2397
2403
2404
2395
2397
2409
2393
2399
2397
2399
2397
2393
2390
2401
2390
2391
2400
2393
2390
2391
2390
2387
2385
2390
2392
2382
2390
2403
2395
2383
2382
2385
2382
2380
2385
2390
2385
2393
2385
2374
2382
2377
2383
2377
2382
2383
2375
2374
2382
2374
2380
2380
2374
2387
2372
2374
2377
2377
2377
2387
2377
2372
2387
2379
2382
2374
2374
2372
2375
2375
2386
2376
2380
2392
2374
2377
2377
2384
2382
2375
2380
2377
2390
2385
2371
2380
2393
2385
2390
2402
2391
2387
2393
2381
2384
2393
2391
2402
2400
2387
2396
2393
2383
2383
2380
2388
2396
2390
2400
2397
2390
2393
2390
2398
2390
2391
2395
2387
2387
2402
2396
2390
2381
2403
2396
2406
2396
2395
2383
2396
2400
2397
2400
2393
2401
2393
2398
2383
2387
2387
2391
2396
2399
2390
2404
2385
2419
2387
2387
2390
2387
2404
2404
2402
2383
2383
2387
2396
2410
2387
2402
2391
2400
2402
2396
2404
2396
2397
2395
2404
2393
2391
2390
2396
2390
2400
2404
2404
2391
2400
2393
2395
2387
2393
2398
2404
2387
2402
2402
2393
2396
2397
2396
2387
2396
2397
2390
2395
2396
2404
2400
2381
2406
2397
2400
2403
2395
2391
2397
2387
2393
2409
2388
2403
2395
2402
2393
2392
2404
2399
2390
2404
2402
2397
2393
2393
2387
2399
2391
2391
2402
2393
2383
2382
2393
2395
2397
2398
2396
2395
2393
2402
2399
2382
2395
2400
2393
2404
2396
2403
2403
2403
2393
2395
2402
2400
2393
2396
2406
2403
2383
2387
2408
2398
2406
2400
2390
2400
2404
2396
2396
2404
2404
2391
2395
2393
2397
2400
2399
2404
2387
2397
2403
2393
2396
2396
2395
2396
2396
2396
2395
2396
2390
2395
2393
2404
2395
2393
2396
2397
2390
2387
2390
2397
2382
2391
2382
2395
2391
2385
2395
2382
2387
2376
2390
2387
2390
2396
2381
2395
2387
2383
2397
2395
2402
2396
2402
2381
2396
2400
2400
2392
2396
2403
2393
2402
2390
2387
2397
2400
2403
2402
2391
2393
2404
2393
2404
2382
2396
2409
2397
2397
2391
2396
2397
2390
2391
2387
2397
2385
2393
2404
2400
2391
2397
2396
2397
2395
2402
2406
2404
2404
2412
2390
2404
2396
2406
2416
2397
2406
2411
2397
2406
2413
2408
2415
2406
2412
2406
2406
2401
2408
2403
2407
2404
2406
2412
2419
2419
2403
2411
2412
2406
2417
2412
2419
2407
2420
2406
2422
2411
2419
2427
2431
2418
2418
2425
2417
2427
2417
2422
2406
2413
2422
2428
2422
2422
2431
2438
2427
2432
2433
2412
2433
2422
2433
2427
2425
2427
2415
2431
2423
2433
2427
2417
2428
2432
2425
2440
2430
2430
2427
2423
2433
2430
2435
2415
2436
2427
2435
2423
2425
2417
2428
2433
2432
2423
2425
2422
2423
2430
2419
2414
2425
2419
2424
2417
2427
2424
2424
2407
2416
2419
2425
2414
2419
2414
2419
2414
2418
2407
2397
2406
2412
2417
2412
2412
2406
2399
2399
2412
2383
2400
2399
2408
2401
2397
2398
2390
2391
2390
2391
2397
2400
2396
2400
2390
2404
2387
2402
2395
2387
2387
2391
2390
2402
2393
2383
2402
2397
2382
2391
2398
2393
2384
2388
2390
2386
2387
2395
2395
2390
2387
2402
2381
2390
2390
2399
2400
2393
2406
2393
2402
2408
2395
2395
2387
2397
2397
2393
2393
2395
2412
2395
2397
2403
2409
2416
2402
2404
2387
2402
2401
2412
2406
2404
2398
2404
2399
2404
2404
2404
2400
2406
2397
2406
2397
2397
2401
2397
2403
2403
2404
2403
2406
2392
2402
2406
2403
2407
2403
2407
2403
2403
2397
2403
2400
2406
2395
2395
2390
2400
2404
2399
2398
2402
2398
2397
2392
2404
2391
2383
2404
2402
2404
2387
2391
2395
2406
2404
2403
2411
2397
2406
2406
2397
2403
2391
2409
2407
2405
2416
2402
2406
2406
2404
2412
2408
2406
2400
2396
2395
2400
2402
2393
2406
2398
2404
2393
2406
2408
2406
2406
2403
2407
2404
2418
2404
2399
2406
2404
2406
2413
2406
2408
2403
2404
2398
2395
2390
2406
2401
2402
2416
2400
2404
2402
2403
2414
2407
2418
2418
2395
2419
2417
2406
2412
2409
2399
2416
2409
2418
2412
2407
2412
2404
2401
2401
2412
2407
2399
2409
2414
2403
2407
2418
2399
2403
2417
2406
2409
2411
2409
2417
2413
2411
2403
2409
2402
2398
2404
2409
2403
2416
2395
2401
2395
2406
2406
2395
2403
2406
2393
2409
2395
2417
2412
2406
2406
2407
2413
2418
2409
2404
2397
2412
2417
2409
2416
2396
2416
2411
2407
2399
2404
2404
2414
2411
2412
2412
2411
2409
2406
2402
2409
2406
2402
2402
2396
2395
2406
2397
2406
2408
2416
2401
2395
2397
2397
2408
2409
2397
2406
2407
2408
2406
2409
2404
2407
2406
2397
2418
2406
2406
2418
2412
2413
2409
2398
2403
2416
2404
2407
2416
2408
2406
2403
2397
2416
2403
2412
2412
2420
2406
2412
2419
2408
2395
2406
2413
2408
2413
2406
2409
2403
2407
2399
2417
2399
2424
2406
2407
2407
2417
2412
2408
2409
2418
2418
2407
2399
2413
2395
2417
2406
2406
2402
2417
2412
2406
2409
2406
2424
2413
2403
2413
2412
2409
2408
2419
2416
2417
2408
2419
2417
2425
2417
2418
2408
2412
2407
2409
2412
2411
2420
2398
2409
2417
2417
2424
2425
2409
2412
2416
2414
2397
2399
2397
2406
2409
2399
2417
2419
2416
2417
2404
2409
2407
2419
2411
2412
2407
2406
2406
2407
2416
2406
2413
2412
2399
2412
2409
2408
2395
2407
2406
2396
2397
2397
2412
2404
2416
2396
2401
2402
2412
2403
2412
2406
2404
2395
2412
2390
2395
2402
2404
2417
2397
2398
2404
2401
2404
2395
2408
2397
2400
2404
2397
2399
2404
2404
2403
2402
2397
2408
2409
2404
2401
2397
2397
2399
2403
2397
2402
2400
2404
2390
2419
2402
2406
2416
2417
2396
2390
2395
2406
2406
2395
2397
2406
2407
2399
2412
2400
2390
2406
2408
2406
2397
2407
2399
2403
2408
2406
2406
2397
2412
2412
2403
2399
2402
2409
2420
2383
2406
2395
2412
2395
2396
2395
2415
2397
2401
2406
2401
2417
2407
2408
2406
2399
2422
2412
2412
2393
2403
2412
2412
2413
2408
2409
2416
2425
2413
2406
2412
2414
2403
2415
2406
2412
2412
2412
2407
2419
2417
2417
2403
2403
2411
2413
2422
2404
2412
2425
2413
2409
2417
2399
2409
2417
2416
2419
2412
2406
2407
2414
2409
2417
2409
2404
2416
2413
2422
2407
2419
2417
2419
2422
2418
2409
2404
2404
2412
2403
2412
2415
2413
2407
2407
2432
2427
2422
2413
2417
2412
2411
2417
2403
2406
2417
2406
2420
2415
2419
2409
2403
2416
2418
2416
2417
2415
2409
2414
2422
2412
2417
2406
2411
2417
2412
2406
2406
2408
2395
2406
2411
2399
2407
2415
2414
2413
2424
2412
2416
2424
2425
2406
2415
2418
2415
2418
2406
2418
2409
2422
2403
2412
2409
2414
2418
2407
2409
2406
2419
2406
2407
2409
2414
2406
2412
2412
2416
2407
2402
2407
2396
2403
2400
2397
2400
2409
2400
2403
2417
2407
2404
2406
2406
2404
2408
2406
2406
2395
2400
2395
2402
2402
2397
2406
2403
2399
2396
2404
2403
2399
2395
2393
2402
2408
2402
2406
2408
2398
2399
2407
2395
2397
2409
2399
2406
2409
2404
2412
2412
2403
2408
2419
2411
2398
2406
2403
2404
2403
2416
2417
2403
2395
2399
2409
2397
2419
2409
2395
2406
2403
2409
2399
2402
2402
2407
2418
2407
2417
2407
2406
2416
2402
2406
2418
2419
2419
2399
2403
2404
2419
2397
2415
2417
2417
2407
2398
2418
2397
2414
2408
2409
2409
2412
2409
2417
2393
2403
2402
2399
2406
2406
2406
2428
2418
2403
2419
2412
2419
2407
2416
2413
2412
2406
2417
2417
2409
2409
2417
2403
2406
2408
2406
2406
2409
2409
2406
2412
2412
2418
2408
2393
2396
2406
2409
2416
2414
2406
2403
2418
2417
2396
2397
2406
2407
2412
2403
2406
2397
2406
2411
2397
2407
2412
2397
2406
2411
2403
2409
2397
2413
2416
2397
2407
2413
2399
2403
2411
2404
2404
2411
2403
2399
2407
2412
2407
2417
2407
2413
2413
2403
2412
2403
2411
2407
2406
2417
2402
2413
2409
2409
2397
2417
2409
2408
2412
2409
2422
2427
2412
2420
2409
2407
2403
2406
2419
2418
2404
2411
2408
2412
2417
2407
2397
2419
2412
2419
2418
2412
2409
2417
2411
2419
2413
2412
2409
2409
2414
2408
2417
2414
2418
2412
2418
2412
2418
2409
2403
2400
2403
2404
2395
2406
2404
2413
2402
2403
2403
2406
2406
2417
2407
2406
2417
2406
2407
2412
2406
2409
2399
2399
2408
2406
2406
2399
2418
2413
2409
2412
2399
2407
2411
2397
2413
2399
2406
2412
2413
2407
2403
2404
2406
2409
2395
2399
2409
2408
2411
2406
2397
2397
2419
2414
2403
2416
2407
2419
2414
2411
2393
2416
2418
2406
2408
2399
2420
2395
2418
2413
2408
2418
2404
2411
2413
2406
2406
2406
2406
2406
2413
2406
2406
2401
2408
2403
2406
2401
2406
2409
2403
2399
2406
2403
2403
2397
2399
2409
2406
2413
2413
2418
2406
2403
2399
2408
2398
2397
2412
2406
2414
2412
2406
2413
2408
2406
2395
2417
2406
2411
2403
2403
2402
2404
2391
2399
2408
2406
2395
2411
2410
2393
2406
2409
2407
2416
2408
2414
2412
2407
2407
2406
2412
2412
2403
2417
2395
2395
2397
2416
2409
2413
2422
2416
2404
2406
2414
2403
2409
2391
2417
2413
2403
2406
2417
2408
2414
2418
2407
2414
2412
2413
2399
2413
2399
2399
2406
2418
2419
2407
2412
2412
2404
2414
2413
2399
2413
2417
2408
2407
2406
2428
2412
2403
2412
2409
2406
2417
2418
2409
2422
2412
2422
2409
2412
2411
2409
2407
2419
2416
2403
2406
2412
2409
2424
2413
2416
2413
2396
2412
2407
2420
2407
2403
2407
2417
2409
2414
2413
2413
2408
2399
2413
2416
2411
2409
2407
2418
2404
2417
2413
2418
2407
2406
2406
2416
2416
2403
2407
2412
2399
2399
2412
2407
2412
2416
2419
2411
2407
2417
2416
2390
2403
2406
2399
2407
2419
2406
2416
2407
2402
2395
2399
2404
2402
2409
2419
2404
2414
2406
2404
2412
2409
2407
2414
2407
2397
2407
2415
2398
2403
2404
2406
2422
2407
2422
2406
2417
2418
2407
2418
2413
2422
2406
2418
2410
2406
2411
2417
2406
2422
2419
2409
2427
2414
2395
2407
2414
2427
2406
2407
2414
2414
2414
2424
2403
2412
2406
2418
2425
2422
2418
2409
2399
2399
2417
2404
2418
2412
2409
2417
2411
2422
2406
2413
2414
2402
2401
2419
2417
2414
2401
2404
2407
2409
2403
2402
2407
2412
2412
2409
2399
2415
2407
2413
2413
2397
2397
2407
2417
2402
2413
2406
2404
2407
2403
2390
2412
2397
2417
2399
2403
2412
2418
2407
2409
2412
2416
2407
2418
2404
2409
2406
2417
2419
2403
2416
2399
2406
2412
2412
2409
2408
2418
2414
2411
2397
2398
2404
2409
2406
2408
2406
2407
2412
2407
2408
2403
2404
2404
2413
2411
2418
2403
2397
2413
2409
2409
2403
2418
2406
2404
2401
2409
2412
2406
2406
2406
2417
2399
2408
2412
2413
2406
2406
2407
2406
2412
2409
2397
2399
2417
2407
2406
2408
2414
2418
2403
2406
2407
2406
2407
2407
2417
2413
2413
2409
2419
2428
2418
2414
2406
2409
2413
2417
2402
2414
2414
2418
2407
2412
2420
2408
2406
2424
2407
2416
2412
2398
2412
2417
2404
2412
2413
2406
2406
2403
2409
2418
2406
2409
2413
2408
2422
2406
2409
2417
2413
2406
2417
2417
2416
2408
2418
2404
2417
2403
2407
2404
2399
2419
2406
2403
2406
2399
2408
2407
2404
2406
2406
2412
2397
2406
2405
2412
2400
2409
2406
2401
2412
2403
2399
2416
2409
2412
2404
2397
2393
2406
2399
2395
2399
2397
2403
2404
2400
2395
2409
2404
2406
2419
2408
2402
2398
2395
2397
2400
2404
2395
2403
2406
2396
2399
2395
2391
2390
2396
2396
2393
2399
2404
2395
2397
2409
2406
2402
2402
2393
2400
2387
2402
2397
2391
2400
2393
2393
2396
2395
2408
2404
2402
2400
2397
2402
2404
2397
2404
2400
2406
2400
2406
2401
2416
2403
2403
2402
2383
2403
2404
2396
2406
2407
2406
2407
2395
2404
2406
2407
2406
2406
2404
2404
2402
2400
2397
2407
2404
2406
2408
2397
2412
2395
2413
2419
2408
2418
2407
2406
2416
2413
2414
2413
2419