2349
2348
2339
2349
2348
2358
2355
2355
2355
2361
2351
2354
2355
2358
2353
2358
2359
2361
2360
2365
2363
2358
2358
2359
2356
2359
2355
2358
2358
2355
2363
2360
2358
2351
2361
2358
2358
2359
2358
2351
2361
2359
2363
2361
2369
2359
2355
2359
2355
2369
2358
2368
2369
2369
2368
2368
2367
2359
2368
2368
2359
2377
2366
2371
2369
2366
2369
2358
2374
2368
2369
2368
2369
2372
2363
2369
2372
2368
2367
2376
2372
2363
2359
2359
2371
2377
2367
2374
2371
2364
2363
2381
2382
2380
2380
2377
2377
2379
2371
2380
2377
2377
2374
2367
2379
2380
2367
2379
2375
2369
2384
2366
2374
2380
2384
2367
2367
2374
2368
2372
2368
2363
2372
2367
2374
2372
2379
2381
2371
2374
2379
2380
2379
2380
2371
2376
2374
2370
2378
2371
2369
2379
2363
2377
2371
2363
2372
2370
2359
2360
2368
2359
2369
2372
2368
2368
2363
2361
2361
2368
2368
2367
2358
2364
2361
2361
2361
2359
2358
2361
2361
2363
2358
2363
2361
2358
2358
2349
2361
2349
2364
2359
2361
2363
2358
2355
2368
2363
2361
2358
2363
2359
2368
2376
2368
2367
2377
2376
2376
2369
2376
2379
2372
2374
2372
2363
2374
2374
2375
2377
2367
2367
2372
2372
2369
2358
2359
2358
2359
2358
2353
2359
2363
2361
2358
2361
2355
2361
2350
2355
2351
2365
2359
2355
2359
2349
2354
2350
2353
2362
2350
2358
2360
2363
2358
2351
2364
2349
2363
2361
2355
2353
2352
2342
2351
2345
2342
2342
2338
2336
2319
2332
2318
2333
2332
2333
2318
2318
2321
2329
2318
2329
2321
2329
2323
2326
2328
2318
2318
2321
2321
2322
2318
2322
2318
2321
2318
2323
2316
2317
2324
2329
2318
2323
2321
2317
2326
2321
2326
2324
2318
2321
2323
2329
2326
2317
2323
2318
2317
2317
2323
2322
2326
2318
2321
2324
2317
2329
2324
2319
2321
2318
2329
2317
2328
2322
2319
2332
2316
2332
2329
2336
2333
2331
2331
2329
2331
2336
2335
2339
2333
2331
2331
2333
2338
2336
2337
2339
2340
2348
2333
2332
2339
2334
2340
2344
2333
2336
2336
2333
2331
2337
2329
2334
2336
2342
2331
2337
2337
2337
2340
2334
2331
2337
2344
2329
2331
2332
2331
2332
2331
2343
2346
2345
2352
2344
2343
2339
2342
2342
2342
2345
2347
2345
2349
2340
2333
2353
2360
2348
2353
2358
2354
2343
2349
2349
2354
2349
2350
2342
2355
2351
2352
2349
2345
2349
2348
2353
2343
2352
2343
2345
2339
2336
2339
2336
2339
2331
2337
2336
2336
2338
2331
2326
2323
2322
2331
2323
2329
2318
2329
2323
2319
2323
2329
2320
2326
2323
2319
2327
2318
2323
2326
2318
2322
2318
2321
2321
2323
2336
2317
2319
2323
2317
2311
2316
2322
2310
2313
2324
2326
2316
2315
2316
2321
2324
2313
2313
2315
2322
2324
2316
2321
2310
2316
2322
2316
2320
2310
2310
2310
2322
2311
2318
2313
2321
2322
2317
2311
2317
2319
2310
2319
2311
2311
2317
2328
2317
2320
2322
2311
2317
2329
2318
2331
2329
2329
2333
2319
2332
2327
2317
2326
2331
2327
2326
2336
2326
2323
2326
2329
2323
2319
2338
2331
2329
2334
2330
2323
2322
2334
2326
2323
2336
2334
2329
2332
2327
2327
2331
2327
2332
2326
2326
2327
2328
2319
2326
2327
2333
2323
2326
2332
2336
2332
2333
2322
2331
2327
2333
2319
2331
2331
2336
2339
2326
2338
2327
2332
2336
2331
2333
2331
2336
2340
2333
2342
2333
2338
2335
2342
2344
2347
2342
2354
2347
2345
2349
2349
2355
2351
2369
2363
2366
2369
2369
2374
2376
2374
2380
2385
2385
2382
2387
2390
2393
2395
2395
2395
2391
2403
2395
2400
2390
2395
2397
2395
2398
2390
2396
2395
2398
2390
2393
2390
2392
2387
2393
2381
2385
2380
2382
2374
2371
2384
2380
2375
2363
2368
2374
2369
2368
2358
2355
2358
2359
2355
2350
2342
2352
2342
2344
2342
2343
2347
2339
2333
2328
2336
2329
2332
2331
2326
2329
2323
2328
2321
2317
2324
2316
2316
2316
2322
2322
2317
2313
2316
2311
2313
2310
2313
2310
2303
2296
2305
2301
2304
2302
2307
2312
2301
2300
2308
2310
2307
2301
2313
2303
2307
2310
2313
2310
2312
2322
2317
2316
2317
2331
2329
2331
2329
2328
2326
2332
2328
2329
2336
2319
2331
2340
2329
2326
2331
2325
2329
2326
2329
2338
2329
2326
2340
2326
2336
2326
2331
2333
2332
2327
2331
2342
2342
2342
2348
2342
2352
2352
2352
2349
2361
2358
2359
2364
2359
2369
2372
2376
2371
2381
2374
2400
2395
2400
2390
2403
2406
2404
2416
2411
2412
2422
2422
2433
2425
2430
2438
2446
2446
2445
2451
2451
2454
2460
2462
2466
2470
2471
2484
2470
2484
2489
2492
2481
2489
2487
2493
2499
2495
2505
2510
2502
2514
2521
2513
2511
2524
2523
2519
2518
2526
2523
2524
2511
2521
2509
2520
2518
2516
2505
2510
2514
2499
2502
2507
2497
2498
2484
2492
2471
2472
2470
2460
2457
2448
2444
2435
2427
2431
2432
2423
2413
2412
2409
2404
2397
2387
2374
2376
2367
2368
2354
2345
2335
2332
2340
2326
2322
2301
2310
2305
2304
2286
2285
2281
2271
2265
2259
2259
2251
2246
2239
2231
2230
2231
2227
2230
2214
2221
2226
2215
2221
2224
2226
2214
2221
2228
2212
2228
2233
2257
2235
2235
2235
2241
2252
2259
2256
2255
2259
2272
2255
2267
2268
2281
2278
2269
2285
2294
2290
2294
2294
2291
2308
2301
2305
2305
2308
2307
2313
2323
2313
2322
2321
2316
2305
2301
2318
2340
2337
2329
2342
2336
2334
2340
2335
2345
2337
2331
2339
2340
2332
2329
2327
2331
2319
2303
2316
2320
2348
2377
2376
2363
2388
2390
2402
2395
2385
2380
2380
2385
2376
2374
2369
2374
2379
2374
2367
2363
2369
2368
2359
2374
2367
2353
2367
2368
2350
2351
2361
2369
2360
2355
2349
2355
2360
2339
2311
2359
2347
2318
2335
2342
2339
2331
2336
2333
2329
2317
2321
2317
2324
2316
2316
2313
2317
2315
2321
2318
2322
2317
2322
2308
2315
2315
2317
2311
2323
2322
2321
2300
2307
2324
2306
2318
2313
2315
2294
2294
2287
2299
2286
2290
2324
2299
2310
2317
2317
2331
2318
2303
2317
2339
2345
2324
2347
2346
2333
2355
2348
2365
2348
2407
2372
2396
2409
2407
2371
2409
2416
2426
2403
2387
2418
2477
2456
2432
2463
2465
2440
2467
2470
2473
2459
2478
2491
2499
2483
2503
2487
2502
2532
2523
2524
2499
2532
2508
2519
2486
2525
2540
2530
2534
2513
2548
2525
2541
2534
2539
2550
2537
2534
2527
2545
2548
2534
2550
2537
2523
2577
2545
2522
2556
2540
2557
2563
2532
2537
2576
2522
2537
2547
2548
2502
2566
2540
2508
2566
2548
2525
2553
2518
2534
2550
2541
2523
2541
2572
2532
2532
2587
2521
2541
2518
2540
2547
2525
2566
2491
2534
2527
2542
2541
2512
2521
2489
2537
2524
2541
2504
2553
2481
2534
2525
2491
2515
2507
2504
2495
2520
2471
2476
2491
2459
2473
2446
2420
2367
2502
2472
2375
2380
2408
2349
2342
2343
2377
2348
2333
2347
2315
2328
2267
2312
2294
2239
2195
2153
2139
2121
2082
2061
2035
2089
2119
2152
2125
2049
1948
1975
2025
1996
2008
2022
2044
2076
2065
2077
2087
2068
2098
2125
2134
2136
2147
2209
2239
2238
2259
2246
2267
2260
2288
2313
2334
2317
2333
2352
2343
2369
2371
2368
2375
2358
2368
2392
2395
2403
2402
2409
2396
2416
2412
2419
2428
2433
2433
2443
2439
2451
2449
2464
2444
2461
2457
2466
2460
2455
2461
2452
2459
2470
2463
2455
2451
2451
2445
2448
2438
2451
2438
2444
2441
2439
2441
2441
2429
2422
2422
2420
2425
2411
2422
2419
2412
2416
2409
2413
2407
2409
2412
2387
2395
2349
2425
2403
2372
2371
2403
2374
2284
2451
2404
2425
2350
2328
2333
2350
2348
2353
2355
2348
2347
2339
2336
2312
2310
2316
2316
2311
2323
2321
2323
2323
2316
2318
2321
2310
2321
2319
2321
2312
2317
2329
2329
2329
2329
2336
2331
2342
2340
2354
2354
2360
2358
2358
2369
2363
2372
2369
2377
2377
2381
2382
2387
2392
2387
2393
2393
2395
2408
2399
2411
2413
2406
2413
2419
2427
2425
2423
2432
2440
2440
2448
2451
2451
2446
2450
2457
2452
2464
2476
2470
2468
2478
2476
2473
2497
2480
2487
2479
2467
2467
2497
2502
2489
2446
2470
2520
2494
2478
2476
2488
2497
2488
2481
2478
2471
2480
2473
2471
2468
2459
2459
2470
2464
2468
2447
2451
2445
2444
2445
2450
2441
2430
2435
2435
2427
2433
2433
2422
2413
2413
2417
2419
2418
2409
2416
2401
2404
2395
2394
2400
2395
2394
2387
2383
2383
2381
2377
2381
2374
2367
2371
2377
2374
2369
2368
2372
2363
2368
2359
2355
2360
2351
2350
2355
2335
2306
2350
2374
2359
2350
2328
2348
2332
2331
2353
2333
2302
2331
2333
2333
2311
2326
2331
2326
2324
2321
2321
2327
2333
2332
2340
2326
2329
2327
2336
2338
2338
2329
2340
2336
2331
2335
2338
2336
2342
2341
2345
2340
2339
2344
2345
2349
2344
2335
2349
2355
2348
2349
2353
2360
2355
2360
2358
2361
2363
2361
2368
2364
2369
2366
2363
2363
2376
2363
2369
2371
2379
2377
2372
2367
2363
2355
2374
2376
2374
2359
2365
2380
2387
2371
2371
2386
2382
2384
2375
2381
2385
2381
2386
2387
2383
2383
2392
2396
2382
2386
2390
2383
2383
2387
2387
2390
2393
2385
2393
2387
2387
2387
2381
2387
2390
2395
2392
2390
2382
2395
2387
2393
2387
2400
2390
2393
2393
2393
2390
2397
2393
2402
2400
2387
2395
2396
2395
2395
2392
2383
2395
2393
2396
2396
2400
2402
2383
2393
2393
2390
2395
2400
2381
2393
2387
2390
2387
2393
2393
2390
2391
2382
2390
2396
2395
2400
2387
2375
2385
2385
2393
2383
2390
2392
2381
2385
2375
2390
2381
2387
2393
2385
2381
2391
2387
2396
2353
2342
2450
2432
2364
2355
2393
2401
2408
2404
2393
2367
2393
2383
2383
2400
2393
2385
2383
2391
2393
2385
2393
2387
2386
2383
2380
2377
2374
2375
2393
2380
2381
2381
2385
2386
2390
2374
2367
2377
2386
2375
2387
2411
2386
2386
2384
2386
2366
2379
2363
2377
2365
2372
2372
2369
2367
2365
2368
2368
2361
2358
2363
2358
2370
2369
2359
2358
2368
2372
2374
2376
2361
2367
2369
2422
2470
2387
2365
2374
2360
2358
2375
2372
2372
2372
2359
2368
2363
2366
2358
2371
2369
2369
2368
2356
2369
2358
2363
2363
2351
2359
2393
2386
2384
2369
2361
2351
2369
2361
2374
2387
2367
2363
2351
2377
2367
2374
2372
2379
2374
2376
2376
2365
2366
2363
2369
2374
2367
2375
2369
2377
2363
2368
2363
2370
2367
2365
2363
2365
2371
2376
2367
2372
2371
2375
2363
2370
2359
2380
2363
2372
2371
2363
2363
2363
2375
2376
2377
2376
2375
2376
2372
2375
2374
2376
2377
2384
2375
2385
2385
2375
2387
2387
2386
2382
2381
2379
2381
2380
2374
2387
2377
2385
2381
2386
2382
2384
2374
2375
2380
2387
2382
2387
2385
2387
2371
2385
2382
2382
2387
2386
2385
2392
2388
2375
2384
2382
2396
2379
2379
2381
2392
2383
2386
2382
2385
2396
2385
2408
2400
2382
2395
2390
2387
2381
2381
2390
2390
2396
2382
2387
2381
2386
2384
2393
2390
2388
2386
2390
2375
2388
2381
2380
2390
2387
2386
2390
2385
2390
2392
2382
2387
2385
2393
2392
2396
2394
2393
2391
2390
2395
2397
2402
2403
2408
2403
2403
2396
2404
2408
2408
2406
2412
2406
2406
2397
2395
2412
2397
2406
2412
2418
2409
2417
2406
2424
2416
2412
2406
2406
2413
2412
2409
2408
2409
2399
2408
2412
2396
2409
2408
2404
2406
2395
2390
2397
2395
2390
2388
2395
2392
2385
2387
2390
2386
2386
2382
2387
2379
2381
2381
2377
2383
2384
2377
2374
2371
2374
2375
2374
2367
2377
2380
2367
2376
2378
2385
2381
2379
2386
2377
2380
2387
2386
2382
2375
2374
2380
2385
2380
2388
2374
2386
2375
2381
2392
2385
2393
2388
2387
2377
2374
2385
2387
2382
2390
2386
2382
2390
2390
2390
2390
2387
2390
2390
2396
2385
2382
2391
2393
2394
2396
2396
2396
2400
2383
2381
2382
2387
2385
2381
2391
2393
2383
2390
2382
2385
2383
2381
2396
2381
2382
2381
2385
2387
2383
2380
2383
2374
2385
2377
2386
2387
2385
2390
2380
2384
2377
2374
2381
2386
2385
2376
2380
2377
2381
2377
2386
2377
2384
2374
2384
2380
2374
2380
2386
2387
2377
2375
2379
2367
2381
2371
2367
2372
2366
2369
2372
2380
2374
2360
2367
2359
2355
2368
2363
2361
2358
2363
2369
2368
2363
2359
2368
2367
2377
2368
2367
2359
2358
2358
2362
2366
2366
2366
2371
2372
2367
2369
2377
2367
2372
2363
2369
2367
2363
2358
2358
2376
2363
2359
2372
2369
2361
2368
2368
2364
2370
2359
2368
2368
2370
2376
2363
2358
2372
2371
2365
2359
2371
2372
2361
2369
2365
2371
2361
2367
2380
2363
2376
2374
2359
2377
2376
2377
2376
2372
2371
2371
2375
2372
2367
2371
2379
2377
2380
2380
2378
2374
2371
2374
2384
2384
2385
2382
2377
2380
2371
2380
2374
2381
2371
2372
2359
2367
2366
2358
2363
2365
2368
2361
2359
2368
2364
2355
2361
2358
2351
2355
2358
2355
2355
2350
2351
2350
2349
2361
2350
2350
2349
2355
2355
2349
2353
2351
2350
2360
2355
2351
2358
2350
2358
2353
2350
2359
2355
2360
2351
2348
2355
2351
2355
2343
2350
2355
2355
2351
2350
2350
2354
2353
2350
2351
2351
2353
2349
2364
2361
2359
2361
2361
2358
2351
2355
2351
2355
2351
2350
2355
2348
2359
2361
2355
2355
2360
2358
2355
2363
2351
2350
2363
2377
2352
2364
2351
2368
2363
2363
2368
2358
2359
2361
2359
2395
2359
2359
2359
2368
2369
2363
2361
2372
2363
2363
2359
2369
2364
2363
2358
2377
2364
2369
2366
2371
2363
2359
2371
2369
2377
2372
2368
2363
2369
2371
2367
2372
2371
2381
2369
2371
2372
2366
2363
2371
2367
2380
2367
2377
2374
2380
2385
2374
2353
2390
2380
2381
2377
2374
2380
2380
2374
2377
2380
2381
2372
2374
2375
2380
2374
2381
2375
2384
2376
2371
2380
2376
2377
2365
2363
2363
2376
2376
2374
2374
2374
2370
2375
2372
2371
2370
2368
2367
2369
2371
2366
2375
2367
2369
2367
2380
2377
2375
2374
2385
2377
2371
2377
2377
2380
2375
2367
2386
2382
2382
2387
2385
2381
2381
2387
2381
2386
2377
2380
2393
2382
2393
2382
2400
2400
2383
2392
2393
2387
2387
2383
2387
2383
2393
2387
2390
2386
2381
2390
2375
2392
2385
2375
2382
2382
2383
2387
2375
2394
2383
2390
2381
2386
2384
2387
2393
2387
2386
2381
2374
2382
2386
2390
2387
2379
2382
2380
2375
2384
2380
2380
2379
2381
2386
2393
2380
2387
2381
2377
2380
2382
2376
2385
2387
2385
2377
2377
2385
2384
2374
2367
2372
2366
2376
2374
2374
2369
2376
2377
2363
2363
2355
2369
2364
2363
2364
2368
2355
2359
2351
2361
2369
2358
2361
2353
2350
2364
2348
2358
2359
2363
2360
2355
2361
2358
2363
2368
2355
2351
2364
2363
2361
2359
2364
2369
2359
2368
2366
2363
2372
2372
2377
2363
2367
2367
2363
2376
2369
2372
2367
2374
2376
2374
2380
2376
2374
2367
2377
2371
2363
2381
2374
2379
2367
2376
2380
2367
2381
2379
2367
2380
2377
2381
2387
2379
2366
2381
2367
2381
2381
2387
2377
2380
2385
2374
2380
2384
2386
2385
2379
2381
2381
2375
2379
2374
2374
2377
2384
2367
2367
2382
2384
2377
2381
2382
2380
2380
2374
2384
2380
2380
2382
2385
2376
2386
2381
2375
2374
2374
2386
2377
2367
2377
2369
2375
2377
2372
2371
2372
2377
2358
2369
2369
2367
2363
2369
2369
2363
2372
2366
2371
2368
2365
2364
2363
2364
2358
2355
2358
2364
2355
2368
2362
2359
2361
2349
2363
2358
2369
2358
2349
2355
2358
2358
2349
2358
2349
2363
2358
2359
2364
2363
2364
2354
2355
2361
2351
2355
2358
2365
2364
2368
2358
2355
2362
2368
2369
2365
2358
2361
2369
2359
2369
2368
2367
2372
2359
2374
2374
2367
2376
2371
2377
2371
2367
2377
2377
2374
2377
2380
2367
2375
2371
2375
2375
2381
2367
2384
2385
2379
2376
2367
2377
2374
2379
2377
2377
2377
2377
2372
2380
2367
2367
2376
2367
2384
2367
2377
2380
2367
2366
2379
2366
2371
2374
2377
2370
2372
2365
2363
2367
2366
2367
2363
2371
2371
2372
2366
2372
2369
2372
2367
2363
2376
2367
2369
2365
2377
2380
2363
2379
2359
2372
2377
2374
2380
2367
2371
2379
2369
2380
2377
2367
2376
2380
2376
2375
2379
2380
2371
2381
2367
2385
2363
2375
2381
2377
2375
2375
2379
2380
2374
2375
2374
2367
2386
2377
2377
2377
2381
2378
2380
2367
2376
2366
2371
2371
2363
2368
2376
2372
2367
2379
2376
2372
2367
2371
2368
2377
2367
2370
2368
2368
2359
2363
2377
2363
2359
2359
2361
2372
2377
2363
2363
2363
2365
2359
2365
2359
2372
2369
2367
2363
2361
2369
2363
2367
2376
2371
2374
2366
2377
2372
2380
2367
2374
2377
2374
2377
2380
2367
2386
2375
2386
2374
2371
2374
2382
2385
2377
2377
2374
2385
2371
2384
2379
2386
2380
2376
2376
2371
2371
2377
2375
2376
2379
2369
2363
2374
2375
2371
2376
2372
2367
2369
2369
2367
2360
2361
2358
2369
2363
2363
2363
2377
2367
2371
2367
2380
2392
2374
2384
2380
2375
2372
2379
2377
2377
2374
2377
2365
2371
2363
2364
2370
2369
2359
2369
2372
2372
2372
2369
2370
2363
2359
2369
2363
2363
2369
2377
2368
2372
2372
2372
2369
2364
2363
2369
2372
2371
2371
2368
2372
2363
2374
2369
2369
2368
2369
2369
2380
2369
2367
2381
2376
2379
2372
2372
2374
2374
2377
2377
2367
2376
2376
2363
2375
2374
2379
2375
2367
2377
2381
2382
2386
2376
2377
2382
2380
2374
2381
2377
2376
2377
2377
2377
2375
2374
2374
2367
2380
2374
2377
2369
2369
2371
2377
2378
2369
2377
2379
2372
2376
2368
2376
2369
2359
2371
2369
2368
2367
2363
2359
2372
2369
2371
2368
2371
2361
2374
2363
2363
2367
2372
2374
2363
2371
2361
2368
2372
2376
2363
2376
2373
2377
2358
2363
2372
2373
2376
2377
2376
2372
2367
2380
2370
2368
2372
2363
2372
2376
2372
2368
2359
2371
2376
2377
2366
2369
2369
2368
2370
2369
2363
2361
2376
2359
2365
2369
2365
2363
2365
2363
2365
2359
2372
2377
2371
2372
2376
2363
2364
2358
2368
2368
2364
2358
2370
2371
2363
2363
2363
2364
2363
2363
2359
2351
2368
2363
2361
2361
2358
2355
2364
2355
2359
2358
2360
2361
2363
2364
2359
2355
2358
2359
2359
2364
2363
2358
2355
2355
2361
2358
2369
2349
2363
2361
2368
2368
2361
2363
2363
2368
2358
2358
2363
2369
2368
2363
2373
2363
2363
2376
2359
2365
2366
2367
2369
2363
2376
2368
2377
2371
2367
2376
2367
2365
2371
2376
2374
2372
2372
2375
2377
2375
2376
2380
2366
2380
2381
2367
2381
2384
2381
2375
2380
2379
2386
2382
2377
2380
2366
2386
2381
2377
2367
2377
2381
2375
2374
2382
2377
2385
2372
2384
2375
2374
2378
2377
2381
2374
2371
2367
2372
2377
2363
2375
2369
2376
2376
2367
2371
2366
2359
2361
2361
2363
2361
2369
2363
2363
2363
2355
2363
2355
2353
2349
2355
2342
2354
2348
2353
2348
2348
2353
2342
2342
2342
2358
2342
2343
2342
2343
2349
2349
2350
2345
2342
2354
2360
2349
2352
2350
2355
2350
2360
2351
2350
2355
2353
2350
2353
2351
2350
2358
2364
2355
2350
2351
2358
2372
2361
2368
2355
2368
2358
2364
2349
2358
2358
2368
2359
2369
2364
2358
2368
2361
2363
2368
2371
2358
2363
2363
2371
2363
2369
2359
2368
2374
2361
2363
2377
2366
2371
2367
2371
2376
2367
2371
2377
2375
2372
2377
2367
2382
2367
2374
2386
2385
2377
2382
2378
2385
2380
2387
2382
2377
2381
2385
2381
2385
2384
2381
2381
2382
2385
2382
2393
2380
2386
2387
2380
2386
2388
2388
2385
2388
2381
2393
2393
2394
2393
2393
2390
2395
2388
2391
2397
2393
2396
2383
2396
2390
2393
2400
2383
2397
2397
2395
2398
2390
2390
2390
2390
2390
2382
2390
2387
2381
2393
2390
2382
2374
2388
2369
2374
2372
2380
2367
2367
2374
2374
2371
2376
2377
2377
2375
2371
2379
2377
2375
2382
2386
2385
2390
2382
2383
2396
2393
2403
2409
2395
2404
2403
2406
2409
2412
2417
2428
2432
2422
2419
2433
2435
2433
2435
2436
2441
2438
2449
2448
2456
2445
2438
2446
2457
2446
2459
2464
2451
2457
2460
2469
2455
2468
2467
2473
2473
2473
2466
2470
2475
2475
2475
2467
2472
2461
2471
2468
2459
2467
2459
2470
2468
2462
2464
2470
2468
2459
2464
2447
2445
2448
2448
2441
2445
2431
2423
2427
2415
2417
2425
2419
2414
2412
2409
2396
2392
2395
2381
2385
2379
2374
2369
2372
2369
2359
2364
2361
2352
2346
2342
2335
2331
2329
2329
2323
2322
2318
2320
2308
2310
2306
2302
2297
2294
2280
2294
2292
2284
2283
2280
2278
2279
2275
2283
2275
2278
2275
2267
2281
2279
2278
2284
2285
2290
2291
2287
2304
2302
2313
2307
2313
2307
2321
2323
2329
2317
2340
2340
2339
2341
2349
2353
2349
2360
2355
2358
2358
2368
2368
2372
2372
2382
2375
2382
2386
2382
2387
2392
2387
2393
2387
2398
2395
2400
2396
2401
2400
2414
2409
2403
2412
2417
2425
2419
2428
2432
2419
2423
2422
2425
2432
2425
2422
2430
2423
2423
2430
2424
2415
2429
2423
2428
2433
2432
2430
2432
2433
2433
2422
2419
2419
2407
2417
2412
2416
2403
2395
2393
2386
2391
2387
2385
2366
2371
2363
2359
2349
2355
2331
2335
2339
2336
2332
2340
2319
2331
2323
2322
2332
2317
2324
2319
2332
2332
2323
2329
2331
2326
2338
2331
2329
2329
2327
2323
2323
2329
2319
2322
2316
2313
2304
2299
2292
2281
2279
2267
2259
2265
2258
2246
2252
2245
2244
2239
2239
2238
2238
2238
2249
2249
2249
2251
2247
2251
2248
2246
2248
2256
2246
2238
2243
2235
2240
2240
2233
2221
2227
2228
2221
2223
2233
2234
2221
2211
2227
2227
2221
2233
2235
2238
2239
2258
2262
2276
2267
2275
2297
2299
2310
2328
2317
2342
2349
2353
2363
2383
2393
2401
2418
2432
2448
2449
2454
2468
2486
2487
2502
2504
2502
2520
2521
2523
2523
2527
2539
2540
2537
2537
2527
2535
2527
2537
2540
2531
2550
2547
2546
2560
2547
2541
2543
2553
2556
2553
2560
2556
2547
2557
2553
2557
2550
2560
2555
2562
2548
2552
2550
2545
2534
2536
2519
2521
2515
2502
2514
2499
2508
2491
2488
2482
2478
2471
2466
2461
2447
2450
2440
2435
2415
2409
2404
2390
2387
2380
2372
2361
2335
2331
2328
2323
2302
2301
2285
2278
2267
2260
2257
2239
2239
2245
2240
2234
2223
2222
2227
2225
2217
2221
2221
2214
2214
2220
2214
2207
2220
2220
2211
2212
2212
2203
2212
2220
2210
2205
2205
2210
2211
2205
2211
2211
2214
2211
2226
2227
2225
2220
2233
2240
2233
2230
2241
2235
2230
2239
2233
2235
2232
2227
2222
2216
2217
2205
2208
2201
2194
2201
2195
2185
2191
2196
2194
2203
2203
2201
2203
2217
2221
2222
2225
2233
2239
2238
2252
2253
2254
2260
2268
2272
2272
2271
2281
2281
2286
2279
2284
2291
2286
2294
2291
2285
2285
2285
2275
2285
2286
2275
2284
2275
2290
2279
2295
2285
2296
2304
2300
2309
2310
2311
2316
2321
2326
2329
2336
2342
2347
2349
2353
2358
2359
2376
2374
2384
2380
2387
2393
2400
2402
2403
2399
2419
2406
2406
2415
2420
2419
2415
2425
2422
2422
2432
2413
2422
2440
2438
2428
2438
2430
2437
2435
2438
2438
2448
2452
2451
2451
2454
2460
2457
2457
2467
2459
2471
2470
2471
2473
2476
2478
2483
2486
2478
2477
2478
2486
2477
2481
2486
2483
2477
2478
2486
2483
2476
2470
2482
2476
2477
2467
2481
2476
2461
2466
2464
2454
2454
2445
2450
2438
2438
2430
2423
2422
2406
2417
2409
2406
2397
2400
2393
2386
2384
2372
2372
2370
2363
2343
2342
2353
2342
2342
2326
2323
2326
2317
2313
2307
2306
2294
2287
2291
2304
2281
2284
2284
2278
2267
2269
2276
2272
2253
2256
2246
2260
2254
2249
2238
2235
2242
2235
2226
2233
2233
2225
2227
2225
2215
2211
2207
2214
2217
2214
2211
2214
2221
2205
2217
2216
2224
2220
2217
2214
2225
2220
2225
2220
2219
2209
2226
2228
2225
2220
2215
2215
2221
2232
2220
2232
2237
2235
2241
2241
2235
2244
2238
2244
2252
2251
2258
2246
2243
2254
2254
2267
2265
2274
2275
2284
2280
2279
2286
2300
2296
2308
2301
2313
2316
2321
2320
2317
2328
2326
2331
2335
2348
2350
2353
2360
2365
2363
2377
2382
2381
2393
2395
2404
2411
2411
2422
2428
2427
2441
2441
2445
2451
2457
2454
2461
2468
2473
2470
2470
2482
2483
2483
2486
2500
2491
2497
2505
2508
2512
2502
2510
2518
2515
2515
2518
2521
2521
2523
2510
2515
2526
2524
2524
2525
2521
2530
2530
2530
2515
2536
2534
2534
2536
2534
2531
2531
2531
2539
2523
2530
2523
2525
2532
2523
2530
2524
2528
2509
2521
2510
2508
2509
2504
2502
2507
2502
2505
2505
2495
2506
2502
2504
2504
2497
2499
2483
2477
2489
2478
2486
2486
2482
2470
2470
2461
2464
2445
2439
2441
2431
2433
2415
2420
2412
2404
2396
2395
2380
2366
2369
2363
2360
2361
2339
2333
2327
2322
2318
2316
2301
2290
2285
2291
2285
2278
2267
2262
2260
2258
2246
2230
2221
2221
2203
2199
2185
2171
2159
2155
2144
2134
2125
2115
2116
2109
2113
2103
2102
2116
2116
2114
2120
2129
2126
2142
2144
2158
2177
2167
2193
2193
2205
2203
2224
2232
2241
2239
2253
2268
2284
2283
2297
2313
2313
2332
2335
2353
2353
2358
2380
2381
2390
2395
2403
2399
2414
2417
2418
2419
2411
2406
2407
2412
2413
2422
2428
2427
2422
2422
2420
2434
2433
2432
2427
2428
2427
2433
2432
2430
2429
2423
2432
2422
2425
2423
2424
2427
2414
2406
2417
2416
2411
2418
2408
2402
2401
2395
2391
2386
2385
2386
2376
2371
2361
2355
2350
2354
2355
2340
2340
2336
2329
2324
2331
2318
2322
2316
2321
2310
2307
2312
2301
2302
2306
2295
2299
2298
2294
2294
2294
2291
2279
2284
2289
2285
2284
2286
2289
2284
2285
2279
2291
2288
2287
2287
2292
2291
2294
2291
2294
2306
2304
2305
2301
2305
2322
2311
2316
2318
2322
2323
2317
2329
2329
2332
2329
2331
2340
2345
2333
2331
2342
2348
2342
2348
2342
2348
2343
2345
2349
2349
2361
2349
2353
2349
2343
2352
2355
2355
2350
2358
2350
2355
2356
2352
2350
2353
2352
2358
2352
2348
2344
2342
2348
2344
2343
2333
2331
2342
2333
2336
2333
2336
2331
2331
2332
2339
2343
2336
2339
2340
2329
2333
2327
2333
2344
2340
2337
2333
2336
2339
2342
2340
2339
2340
2332
2340
2345
2342
2350
2344
2347
2345
2347
2342
2342
2349
2354
2342
2345
2333
2349
2338
2345
2342
2352
2336
2342
2337
2340
2342
2342
2339
2356
2348
2342
2348
2354
2353
2343
2355
2349
2364
2355
2358
2355
2358
2358
2361
2368
2358
2373
2359
2374
2372
2372
2376
2372
2384
2381
2377
2384
2384
2387
2383
2383
2381
2390
2387
2392
2390
2393
2402
2393
2406
2409
2399
2403
2406
2408
2406
2406
2403
2407
2413
2406
2416
2413
2406
2419
2414
2413
2412
2414
2412
2407
2413
2418
2406
2409
2416
2418
2407
2409
2409
2409
2409
2409
2409
2416
2397
2404
2395
2407
2412
2399
2408
2404
2393
2406
2417
2406
2406
2404
2400
2404
2395
2395
2395
2402
2402
2390
2397
2393
2395
2400
2382
2395
2390
2391
2395
2390
2395
2387
2387
2382
2385
2387
2391
2383
2387
2383
2375
2375
2371
2375
2379
2359
2369
2359
2368
2367
2358
2361
2358
2355
2358
2353
2358
2355
2356
2355
2349
2347
2343
2354
2342
2345
2347
2340
2350
2348
2345
2347
2348
2352
2342
2340
2342
2340
2340
2342
2342
2339
2339
2340
2342
2338
2342
2338
2345
2345
2345
2348
2334
2355
2339
2349
2350
2354
2348
2349
2343
2355
2352
2351
2351
2342
2352
2348
2355
2356
2343
2353
2350
2350
2352
2353
2361
2354
2353
2345
2353
2355
2356
2349
2348
2349
2349
2350
2342
2347
2358
2358
2350
2360
2364
2354
2349
2350
2349
2351
2358
2355
2369
2364
2359
2370
2366
2359
2368
2363
2377
2368
2369
2372
2367
2372
2366
2363
2374
2363
2374
2369
2371
2369
2367
2376
2377
2377
2374
2386
2371
2377
2371
2379
2381
2385
2386
2386
2381
2385
2382
2380
2374
2377
2379
2380
2387
2383
2380
2387
2386
2379
2382
2390
2382
2382
2385
2380
2385
2381
2380
2386
2380
2381
2383
2388
2380
2379
2384
2390
2380
2381
2380
2382
2388
2381
2382
2382
2381
2381
2391
2388
2382
2387
2390
2393
2395
2404
2397
2397
2409
2403
2408
2404
2413
2403
2413
2418
2418
2414
2417
2422
2422
2428
2422
2413
2429
2432
2433
2427
2430
2444
2436
2440
2430
2428
2441
2441
2430
2430
2427
2435
2441
2440
2428
2431
2429
2414
2423
2415
2415
2414
2413
2419
2419
2416
2410
2409
2398
2395
2395
2394
2383
2384
2380
2369
2361
2370
2361
2358
2348
2335
2336
2331
2311
2316
2303
2294
2295
2286
2284
2271
2259
2265
2257
2249
2244
2240
2233
2206
2232
2208
2179
2212
2179
2177
2158
2162
2159
2150
2141
2151
2147
2131
2125
2127
2130
2120
2125
2121
2116
2105
2113
2120
2107
2113
2121
2124
2123
2126
2132
2137
2141
2147
2153
2152
2160
2158
2162
2157
2185
2177
2188
2193
2200
2208
2205
2214
2212
2225
2230
2241
2253
2253
2259
2262
2275
2291
2291
2297
2320
2174
2326
2331
2385
2353
2352
2390
2383
2381
2393
2404
2409
2416
2428
2438
2451
2449
2454
2460
2463
2470
2473
2470
2489
2508
2504
2500
2505
2515
2519
2537
2532
2541
2551
2550
2559
2563
2561
2573
2566
2571
2573
2574
2575
2587
2574
2578
2578
2580
2582
2579
2566
2568
2563
2563
2551
2550
2555
2550
2535
2542
2525
2516
2518
2509
2502
2504
2495
2477
2483
2470
2459
2438
2432
2419
2406
2395
2386
2376
2368
2355
2343
2326
2313
2299
2294
2289
2271
2257
2259
2247
2244
2231
2208
2183
2181
2184
2185
2190
2182
2191
2205
2199
2190
2193
2201
2195
2194
2194
2194
2198
2198
2198
2195
2185
2196
2203
2208
2201
2198
2201
2203
2212
2214
2219
2214
2234
2226
2240
2244
2257
2251
2259
2262
2267
2284
2285
2297
2316
2286
2310
2307
2321
2322
2327
2332
2335
2339
2352
2353
2363
2366
2371
2380
2380
2385
2395
2396
2401
2406
2399
2406
2420
2417
2413
2419
2415
2422
2413
2413
2420
2419
2423
2438
2430
2422
2431
2429
2427
2430
2436
2436
2436
2433
2433
2436
2438
2430
2430
2428
2425
2431
2435
2433
2436
2428
2425
2423
2428
2434
2431
2432
2436
2423
2423
2433
2431
2430
2444
2433
2433
2441
2440
2441
2440
2441
2431
2438
2441
2441
2438
2438
2439
2441
2435
2445
2431
2438
2441
2441
2438
2441
2438
2435
2436
2433
2441
2433
2435
2430
2435
2436
2435
2438
2431
2437
2438
2438
2433
2440
2428
2430
2430
2433
2432
2423
2428
2423
2432
2427
2435
2432
2426
2422
2435
2433
2419
2427
2433
2430
2433
2433
2433
2432
2428
2433
2422
2427
2433
2422
2418
2422
2425
2423
2415
2413
2419
2417
2419
2422
2425
2423
2422
2422
2419
2425
2414
2422
2425
2427
2425
2422
2423
2425
2424
2429
2419
2426
2432
2422
2419
2425
2432
2422
2427
2419
2431
2417
2455
2413
2428
2425
2422
2425
2433
2428
2434
2429
2438
2425
2422
2426
2422
2432
2422
2425
2420
2425
2413
2420
2417
2425
2419
2422
2419
2418
2418
2412
2416
2407
2406
2412
2404
2412
2408
2406
2404
2406
2395
2395
2399
2395
2390
2402
2390
2395
2393
2387
2397
2383
2387
2390
2390
2388
2387
2393
2385
2386
2374
2386
2382
2381
2377
2365
2374
2380
2377
2374
2409
2326
2363
2364
2358
2376
2366
2380
2361
2359
2361
2368
2368
2358
2355
2358
2359
2369
2355
2358
2364
2363
2360
2358
2356
2361
2361
2361
2393
2335
2331
2355
2363
2355
2348
2358
2355
2406
2333
2361
2354
2358
2355
2351
2362
2350
2353
2346
2349
2360
2349
2342
2342
2354
2345
2335
2348
2339
2335
2340
2332
2336
2331
2330
2326
2330
2338
2336
2326
2329
2319
2318
2318
2316
2328
2313
2318
2317
2316
2321
2318
2313
2311
2320
2320
2322
2353
2253
2316
2305
2310
2337
2316
2317
2326
2319
2316
2316
2329
2326
2318
2329
2323
2324
2317
2322
2310
2323
2317
2311
2321
2316
2317
2310
2317
2320
2310
2320
2311
2310
2310
2303
2310
2316
2301
2305
2310
2305
2301
2297
2294
2311
2305
2295
2305
2305
2301
2326
2257
2295
2301
2310
2321
2311
2315
2305
2313
2316
2310
2329
2316
2316
2331
2318
2317
2329
2323
2336
2327
2318
2323
2319
2319
2336
2331
2326
2329
2331
2336
2332
2327
2331
2339
2338
2332
2333
2326
2333
2348
2338
2331
2340
2338
2338
2338
2331
2332
2340
2333
2336
2337
2333
2351
2274
2304
2320
2319
2329
2311
2307
2306
2308
2298
2300
2296
2278
2283
2281
2275
2276
2263
2260
2259
2253
2258
2248
2249
2241
2241
2240
2230
2214
2230
2217
2216
2204
2201
2201
2201
2187
2184
2185
2185
2181
2176
2171
2166
2169
2169
2175
2174
2167
2192
2193
2194
2195
2204
2204
2226
2224
2233
2235
2251
2246
2257
2264
2272
2279
2278
2278
2290
2290
2295
2295
2301
2301
2313
2315
2316
2311
2321
2316
2307
2317
2321
2318
2316
2327
2331
2319
2336
2336
2342
2345
2345
2345
2351
2364
2369
2371
2386
2374
2377
2385
2393
2388
2396
2401
2397
2407
2412
2419
2422
2427
2431
2440
2445
2452
2456
2461
2468
2461
2459
2459
2463
2480
2482
2473
2470
2470
2461
2461
2445
2451
2457
2457
2446
2445
2446
2444
2438
2445
2445
2438
2435
2441
2428
2422
2433
2433
2413
2419
2399
2406
2403
2400
2397
2395
2390
2382
2387
2384
2385
2374
2380
2365
2363
2358
2368
2355
2360
2353
2354
2343
2349
2348
2348
2337
2329
2348
2349
2332
2333
2334
2333
2335
2336
2342
2336
2331
2326
2340
2329
2339
2336
2332
2339
2335
2340
2340
2342
2331
2342
2347
2345
2345
2350
2365
2358
2369
2363
2367
2374
2375
2377
2387
2393
2388
2398
2397
2401
2407
2417
2413
2417
2422
2414
2423
2427
2422
2415
2425
2425
2422
2430
2429
2433
2444
2461
2478
2451
2415
2425
2422
2433
2419
2432
2432
2422
2419
2413
2425
2419
2412
2419
2419
2425
2417
2417
2399
2435
2430
2422
2423
2441
2427
2438
2431
2428
2423
2441
2433
2422
2424
2422
2412
2395
2404
2404
2399
2395
2404
2402
2390
2393
2388
2390
2406
2381
2366
2379
2363
2377
2380
2381
2386
2384
2384
2374
2366
2372
2376
2367
2367
2367
2363
2367
2380
2380
2373
2365
2374
2384
2374
2382
2380
2377
2380
2375
2339
2396
2418
2375
2371
2380
2384
2374
2387
2381
2384
2375
2380
2381
2381
2381
2380
2382
2380
2385
2383
2381
2382
2381
2387
2375
2380
2379
2374
2377
2374
2369
2367
2372
2365
2368
2361
2358
2359
2372
2372
2359
2372
2377
2371
2358
2371
2377
2369
2369
2363
2372
2376
2363
2372
2367
2369
2372
2372
2374
2371
2361
2377
2367
2376
2376
2374
2367
2374
2370
2372
2371
2386
2385
2383
2375
2363
2376
2375
2382
2366
2351
2386
2392
2372
2355
2372
2358
2363
2366
2359
2361
2361
2354
2355
2350
2368
2350
2356
2354
2351
2355
2355
2359
2368
2358
2363
2360
2363
2376
2376
2363
2363
2359
2364
2366
2375
2367
2372
2366
2376
2377
2371
2374
2375
2385
2374
2381
2386
2381
2383
2387
2393
2387
2374
2388
2388
2390
2390
2387
2387
2393
2395
2393
2393
2387
2400
2395
2389
2393
2400
2399
2395
2400
2403
2397
2406
2404
2403
2402
2397
2395
2397
2399
2404
2395
2402
2404
2400
2402
2404
2398
2390
2393
2396
2395
2406
2393
2395
2390
2382
2390
2382
2385
2387
2393
2388
2380
2390
2384
2380
2379
2374
2381
2381
2375
2374
2385
2386
2382
2377
2385
2382
2384
2385
2384
2381
2381
2377
2386
2386
2385
2385
2390
2381
2381
2386
2382
2382
2393
2385
2381
2385
2385
2388
2387
2391
2393
2387
2381
2404
2395
2400
2387
2396
2395
2402
2406
2405
2409
2399
2404
2399
2410
2399
2409
2404
2406
2402
2406
2407
2414
2409
2399
2409
2403
2406
2416
2411
2412
2409
2412
2419
2412
2419
2412
2409
2413
2417
2412
2417
2415
2413
2412
2422
2413
2419
2420
2417
2420
2417
2426
2414
2422
2412
2425
2418
2414
2414
2422
2416
2417
2407
2412
2403
2407
2403
2411
2408
2408
2399
2396
2408
2395
2396
2396
2402
2406
2395
2393
2390
2393
2381
2386
2377
2380
2384
2386
2386
2363
2369
2372
2366
2361
2368
2350
2355
2350
2358
2353
2347
2349
2348
2350
2348
2350
2349
2342
2348
2345
2342
2335
2331
2333
2335
2336
2331
2319
2329
2310
2316
2320
2305
2301
2294
2295
2297
2292
2283
2284
2275
2266
2272
2180
2275
2265
2278
2257
2259
2263
2272
2252
2247
2247
2239
2244
2244
2243
2239
2249
2244
2238
2233
2236
2227
2222
2215
2214
2207
2217
2195
2193
2193
2194
2188
2182
2188
2185
2184
2179
2182
2174
2174
2187
2185
2179
2176
2182
2183
2183
2184
2174
2174
2171
2158
2159
2163
2170
2163
2147
2150
2153
2150
2147
2148
2145
2148
2156
2153
2129
2134
2136
2136
2131
2126
2128
2134
2126
2127
2119
2131
2120
2131
2119
2130
2119
2130
2125
2130
2118
2131
2131
2137
2148
2150
2156
2152
2157
2164
2166
2175
2177
2185
2186
2196
2200
2208
2212
2212
2235
2227
2231
2244
2239
2252
2259
2254
2274
2281
2294
2295
2301
2311
2311
2327
2353
2355
2358
2377
2379
2390
2400
2406
2403
2425
2433
2448
2451
2468
2463
2477
2484
2484
2491
2514
2515
2518
2534
2525
2527
2563
2556
2566
2558
2585
2590
2583
2604
2610
2599
2614
2621
2636
2633
2630
2647
2651
2660
2656
2652
2649
2657
2673
2659
2656
2659
2658
2648
2637
2623
2630
2619
2610
2599
2596
2582
2573
2566
2555
2552
2546
2525
2521
2508
2514
2493
2493
2477
2476
2468
2451
2450
2434
2439
2434
2419
2402
2393
2380
2354
2343
2347
2331
2321
2310
2302
2286
2284
2276
2276
2264
2265
2253
2239
2244
2246
2239
2239
2235
2231
2236
2227
2224
2220
2227
2238
2210
2199
2217
2233
2236
2225
2234
2240
2235
2249
2264
2259
2267
2285
2291
2307
2328
2327
2348
2343
2347
2345
2353
2348
2359
2353
2318
2313
2295
2297
2295
2284
2295
2288
2288
2278
2271
2271
2281
2269
2279
2276
2287
2291
2304
2306
2308
2306
2315
2310
2327
2326
2331
2326
2338
2331
2342
2344
2342
2355
2354
2355
2358
2368
2367
2376
2364
2366
2371
2365
2366
2368
2369
2368
2372
2377
2385
2390
2390
2380
2388
2387
2396
2400
2402
2395
2395
2399
2413
2409
2425
2422
2418
2422
2422
2414
2425
2432
2425
2427
2428
2428
2435
2432
2438
2438
2431
2446
2440
2441
2443
2452
2449
2444
2450
2459
2457
2459
2459
2454
2457
2459
2472
2472
2470
2468
2472
2463
2472
2480
2477
2481
2467
2468
2477
2477
2471
2488
2486
2477
2478
2486
2492
2482
2481
2492
2492
2486
2492
2489
2488
2489
2488
2486
2481
2483
2481
2481
2481
2482
2476
2475
2473
2473
2468
2476
2470
2466
2463
2464
2454
2457
2454
2454
2451
2451
2454
2444
2449
2441
2445
2446
2443
2441
2444
2448
2435
2440
2446
2439
2436
2439
2441
2444
2444
2440
2443
2443
2438
2429
2433
2441
2438
2449
2435
2435
2441
2435
2439
2445
2444
2441
2435
2452
2439
2454
2449
2451
2446
2445
2447
2451
2447
2438
2435
2441
2441
2439
2440
2456
2435
2441
2440
2441
2440
2438
2431
2435
2428
2423
2435
2422
2436
2441
2440
2436
2423
2432
2423
2422
2435
2422
2432
2432
2435
2433
2434
2430
2419
2427
2425
2422
2423
2436
2429
2436
2435
2440
2435
2431
2422
2436
2434
2433
2428
2436
2430
2441
2438
2435
2435
2435
2429
2432
2422
2428
2419
2417
2417
2419
2413
2406
2406
2409
2406
2409
2400
2396
2393
2375
2381
2368
2366
2366
2363
2355
2342
2345
2331
2333
2322
2316
2312
2300
2297
2294
2271
2276
2268
2265
2257
2246
2239
2230
2233
2226
2214
2218
2211
2205
2195
2199
2183
2182
2185
2182
2178
2177
2173
2177
2169
2172
2169
2171
2167
2167
2172
2177
2176
2174
2171
2177
2177
2184
2185
2194
2192
2193
2204
2208
2211
2207
2220
2228
2222
2211
2226
2233
2227
2233
2231
2240
2230
2235
2236
2239
2231
2244
2230
2236
2231
2235
2230
2226
2214
2215
2211
2198
2192
2179
2173
2167
2150
2139
2128
2111
2097
2086
2080
2061
2056
2039
2025
2022
2016
1996
2001
1983
1982
1977
1971
1974
1974
1965
1971
1965
1968
1969
1966
1970
1970
1965
1955
1955
1949
1945
1948
1940
1944
1939
1942
1952
1933
1940
1956
1951
1960
1964
1974
1993
1992
2007
2015
2033
2059
2070
2092
2119
2141
2169
2185
2205
2230
2257
2265
2279
2303
2338
2350
2363
2381
2406
2427
2441
2457
2470
2489
2489
2508
2509
2510
2516
2503
2509
2513
2511
2515
2509
2510
2525
2521
2523
2525
2525
2532
2527
2525
2530
2518
2530
2540
2531
2532
2531
2525
2524
2518
2514
2507
2514
2512
2504
2505
2479
2486
2477
2482
2467
2459
2464
2448
2435
2441
2431
2445
2438
2433
2422
2411
2412
2400
2372
2358
2363
2367
2367
2371
2369
2363
2384
2363
2359
2358
2360
2368
2351
2361
2348
2348
2339
2335
2340
2339
2340
2352
2349
2358
2372
2368
2371
2376
2377
2385
2374
2386
2381
2395
2397
2397
2409
2412
2419
2426
2424
2422
2431
2438
2451
2464
2467
2477
2483
2491
2504
2507
2508
2518
2520
2528
2527
2537
2535
2541
2537
2534
2545
2541
2553
2547
2548
2550
2537
2561
2556
2531
2519
2530
2531
2519
2510
2524
2530
2519
2521
2521
2515
2515
2521
2510
2511
2530
2534
2523
2527
2525
2523
2523
2523
2531
2534
2534
2534
2544
2527
2509
2518
2516
2505
2507
2493
2495
2490
2477
2496
2477
2476
2470
2467
2470
2460
2465
2451
2451
2447
2439
2435
2432
2427
2422
2424
2419
2471
2486
2459
2433
2403
2406
2399
2397
2399
2399
2404
2382
2395
2387
2406
2406
2380
2351
2367
2384
2375
2384
2377
2377
2359
2365
2380
2382
2380
2392
2374
2391
2400
2390
2395
2396
2393
2387
2387
2396
2390
2395
2395
2381
2393
2386
2390
2386
2391
2386
2381
2387
2388
2374
2380
2385
2387
2385
2382
2381
2387
2385
2382
2377
2380
2386
2385
2380
2382
2375
2372
2369
2390
2395
2391
2377
2376
2374
2381
2378
2376
2367
2384
2380
2385
2385
2376
2376
2381
2382
2371
2375
2386
2375
2392
2385
2388
2385
2387
2396
2393
2387
2392
2392
2393
2393
2393
2392
2383
2383
2390
2387
2390
2387
2382
2391
2390
2393
2388
2390
2386
2380
2393
2384
2380
2381
2386
2374
2375
2384
2384
2384
2380
2377
2367
2376
2371
2367
2371
2380
2363
2371
2371
2377
2385
2367
2371
2371
2380
2384
2374
2377
2380
2376
2374
2371
2372
2379
2380
2384
2380
2374
2374
2381
2380
2387
2380
2374
2377
2384
2380
2380
2375
2374
2386
2377
2385
2388
2384
2382
2383
2388
2395
2391
2397
2390
2393
2395
2397
2395
2404
2402
2397
2404
2395
2395
2395
2409
2395
2406
2409
2403
2406
2418
2406
2404
2413
2407
2406
2419
2415
2415
2423
2422
2419
2433
2433
2432
2435
2433
2433
2435
2444
2430
2442
2439
2438
2448
2441
2448
2443
2443
2439
2430
2430
2437
2436
2438
2433
2435
2432
2427
2428
2433
2425
2419
2425
2413
2412
2419
2413
2399
2397
2395
2396
2387
2387
2381
2365
2372
2363
2359
2351
2349
2350
2342
2344
2338
2332
2329
2332
2328
2316
2313
2313
2300
2295
2297
2291
2287
2276
2275
2263
2268
2253
2254
2249
2239
2238
2231
2235
2221
2211
2265
2235
2226
2278
2208
2157
2201
2206
2200
2183
2160
2156
2158
2150
2147
2151
2148
2150
2161
2148
2155
2151
2153
2139
2147
2143
2137
2119
2127
2123
2125
2134
2118
2102
2113
2107
2119
2110
2104
2103
2100
2112
2107
2108
2118
2121
2125
2111
2123
2110
2159
2148
2162
2144
2161
2108
2134
2105
2056
2086
2116
2137
2183
2157
2163
2203
2179
2169
2119
2158
2103
2176
2339
1923
1860
2029
2252
2164
2201
2235
2153
2125
2131
2247
2272
2217
2102
2004
2137
2167
2148
2388
2379
2330
2207
2249
2217
2215
2214
2214
2243
2281
2255
2291
2317
2307
2276
2302
2366
2345
2393
2425
2413
2404
2413
2365
2322
2349
2382
2353
2333
2387
2434
2470
2532
2544
2574
2585
2567
2641
2610
2615
2619
2633
2656
2683
2706
2651
2617
2705
2691
2678
2707
2715
2745
2724
2729
2701
2719
2735
2753
2729
2739
2763
2715
2724
2726
2717
2742
2711
2723
2712
2697
2688
2675
2702
2678
2659
2648
2662
2651
2632
2624
2605
2568
2572
2563
2532
2526
2524
2483
2491
2478
2470
2431
2400
2403
2375
2359
2361
2329
2322
2295
2276
2257
2226
2201
2198
2177
2172
2158
2160
2127
2139
2124
2112
2103
2089
2092
2084
2073
2070
2068
2063
2071
2076
2073
2067
2070
2083
2108
2105
2099
2107
2134
2150
2164
2180
2195
2198
2219
2221
2230
2240
2257
2246
2251
2252
2253
2259
2269
2290
2294
2286
2281
2307
2317
2323
2336
2324
2323
2345
2363
2384
2381
2406
2413
2425
2440
2451
2468
2489
2486
2477
2470
2483
2496
2500
2477
2467
2457
2444
2435
2427
2431
2444
2445
2435
2430
2436
2422
2432
2422
2430
2438
2435
2445
2456
2459
2461
2470
2467
2459
2460
2473
2475
2482
2486
2482
2477
2486
2491
2489
2482
2470
2476
2467
2470
2477
2476
2482
2471
2470
2476
2459
2481
2477
2488
2477
2491
2479
2486
2491
2496
2486
2496
2500
2494
2494
2491
2497
2505
2499
2502
2502
2512
2495
2508
2502
2515
2510
2518
2515
2521
2523
2523
2531
2534
2527
2537
2531
2544
2544
2534
2543
2542
2547
2542
2560
2541
2544
2550
2547
2542
2547
2550
2547
2546
2547
2550
2556
2550
2544
2534
2527
2527
2542
2539
2534
2545
2536
2534
2528
2511
2523
2525
2515
2532
2523
2522
2521
2518
2518
2508
2502
2508
2499
2491
2494
2504
2495
2491
2489
2491
2491
2484
2481
2496
2486
2486
2489
2489
2486
2489
2483
2481
2479
2488
2477
2467
2481
2488
2482
2477
2480
2471
2486
2478
2478
2488
2483
2471
2483
2483
2481
2481
2490
2470
2476
2470
2461
2480
2478
2471
2461
2459
2468
2461
2466
2467
2460
2451
2451
2457
2451
2457
2449
2439
2439
2439
2430
2441
2441
2440
2427
2435
2431
2435
2438
2425
2425
2422
2432
2417
2425
2425
2432
2425
2414
2418
2412
2413
2412
2411
2403
2400
2400
2396
2382
2382
2374
2371
2371
2363
2348
2349
2345
2336
2317
2322
2310
2302
2286
2278
2276
2267
2267
2247
2240
2230
2222
2219
2217
2201
2201
2180
2175
2161
2150
2140
2130
2118
2123
2109
2098
2094
2086
2083
2070
2073
2070
2062
2062
2065
2064
2056
2057
2065
2054
2060
2060
2059
2066
2063
2063
2070
2075
2080
2084
2088
2077
2092
2102
2112
2099
2107
2115
2129
2139
2143
2153
2163
2159
2179
2182
2194
2195
2205
2211
2214
2211
2225
2233
2222
2225
2244
2249
2248
2235
2244
2241
2230
2219
2210
2208
2192
2169
2157
2134
2115
2097
2086
2066
2034
2016
2001
1987
1974
1962
1942
1919
1911
1915
1904
1891
1884
1888
1896
1883
1878
1885
1881
1884
1878
1859
1858
1847
1830
1835
1817
1811
1808
1804
1796
1805
1803
1806
1809
1798
1799
1804
1812
1817
1820
1838
1840
1855
1873
1894
1944
1970
2003
2029
2071
2125
2158
2214
2246
2253
2267
2326
2367
2395
2413
2430
2452
2471
2491
2513
2523
2544
2562
2575
2596
2610
2625
2646
2656
2646
2662
2689
2694
2695
2686
2697
2707
2710
2700
2707
2701
2687
2678
2690
2679
2673
2678
2671
2670
2672
2676
2659
2659
2659
2660
2643
2643
2640
2623
2624
2605
2600
2596
2588
2569
2560
2546
2534
2515
2516
2500
2483
2491
2477
2464
2454
2445
2429
2423
2422
2403
2403
2404
2380
2381
2377
2374
2366
2368
2347
2331
2331
2326
2329
2342
2326
2323
2329
2318
2323
2307
2313
2334
2335
2327
2342
2339
2340
2339
2344
2348
2355
2343
2349
2361
2363
2376
2386
2385
2374
2380
2393
2393
2409
2418
2423
2436
2440
2444
2449
2444
2447
2457
2463
2472
2473
2477
2492
2486
2502
2505
2495
2508
2521
2511
2510
2530
2525
2541
2546
2541
2560
2543
2561
2557
2558
2557
2551
2560
2556
2557
2568
2564
2576
2576
2563
2585
2574
2582
2579
2584
2584
2582
2583
2574
2585
2579
2583
2585
2574
2569
2569
2569
2571
2555
2556
2550
2535
2531
2531
2523
2528
2523
2510
2516
2512
2499
2483
2489
2489
2489
2481
2489
2482
2459
2461
2468
2470
2466
2457
2451
2446
2446
2450
2438
2435
2425
2433
2415
2420
2428
2422
2425
2425
2414
2406
2406
2404
2403
2404
2397
2390
2307
2413
2402
2400
2386
2387
2390
2375
2380
2374
2371
2379
2369
2377
2367
2386
2379
2374
2381
2374
2367
2380
2386
2387
2384
2382
2381
2383
2392
2398
2387
2385
2400
2398
2400
2408
2409
2403
2416
2401
2406
2408
2413
2413
2422
2417
2417
2407
2417
2419
2418
2415
2415
2425
2425
2423
2414
2422
2432
2407
2425
2423
2428
2434
2432
2427
2432
2431
2431
2428
2438
2439
2441
2444
2440
2445
2444
2444
2449
2445
2449
2449
2449
2454
2449
2449
2447
2451
2446
2449
2454
2454
2456
2459
2456
2446
2446
2454
2449
2449
2439
2451
2447
2444
2439
2457
2445
2440
2436
2433
2430
2427
2420
2418
2420
2416
2413
2406
2403
2397
2397
2400
2395
2383
2391
2381
2390
2385
2387
2381
2372
2375
2367
2375
2377
2372
2372
2367
2372
2361
2377
2372
2376
2369
2359
2367
2376
2379
2372
2378
2371
2374
2371
2374
2382
2388
2385
2382
2395
2390
2395
2393
2408
2404
2393
2403
2406
2395
2399
2402
2408
2403
2404
2417
2397
2406
2401
2403
2397
2399
2406
2409
2409
2409
2406
2408
2404
2409
2399
2406
2402
2390
2402
2382
2396
2395
2381
2382
2374
2379
2380
2374
2366
2371
2359
2361
2359
2353
2355
2353
2352
2342
2335
2340
2338
2331
2329
2316
2323
2316
2307
2303
2301
2304
2289
2284
2285
2276
2276
2265
2262
2258
2258
2241
2241
2244
2235
2227
2221
2227
2211
2205
2203
2207
2195
2198
2194
2198
2195
2190
2190
2192
2183
2181
2175
2185
2166
2179
2175
2167
2176
2177
2174
2177
2180
2175
2171
2176
2159
2171
2156
2150
2148
2146
2145
2134
2119
2107
2113
2102
2102
2099
2099
2086
2089
2086
2083
2086
2089
2091
2087
2086
2083
2077
2084
2075
2073
2070
2067
2065
2055
2050
2057
2043
2048
2040
2044
2035
2029
2033
2035
2030
2043
2047
2051
2064
2063
2067
2084
2091
2093
2103
2110
2128
2144
2147
2157
2171
2189
2198
2217
2235
2249
2265
2268
2278
2296
2308
2321
2323
2345
2350
2358
2377
2393
2408
2406
2413
2430
2457
2460
2481
2497
2513
2526
2534
2558
2578
2584
2600
2617
2640
2643
2664
2688
2684
2704
2707
2715
2732
2728
2738
2724
2719
2719
2726
2716
2711
2707
2694
2689
2683
2678
2675
2662
2649
2643
2630
2622
2630
2623
2609
2598
2596
2594
2598
2577
2567
2555
2535
2532
2510
2496
2483
2459
2434
2404
2377
2353
2329
2313
2276
2248
2214
2196
2178
2143
2131
2107
2075
2067
2041
2013
2009
1977
1979
1968
1952
1950
1929
1923
1926
1919
1920
1915
1921
1918
1915
1923
1924
1936
1940
1944
1952
1949
1964
1970
1980
2002
2015
2043
2050
2061
2084
2087
2105
2107
2131
2132
2160
2180
2205
2203
2211
2227
2248
2249
2312
2322
2339
2363
2367
2404
2419
2387
2355
2365
2392
2406
2396
2397
2407
2433
2441
2444
2445
2445
2448
2441
2441
2430
2446
2459
2459
2463
2475
2459
2460
2464
2454
2445
2439
2436
2438
2438
2434
2425
2423
2425
2441
2427
2417
2419
2428
2423
2420
2425
2412
2417
2434
2423
2435
2444
2449
2456
2460
2456
2454
2459
2460
2460
2454
2468
2465
2452
2451
2456
2459
2468
2464
2455
2457
2461
2451
2445
2447
2454
2454
2463
2468
2464
2464
2454
2460
2464
2464
2464
2461
2468
2480
2459
2470
2473
2465
2470
2467
2476
2481
2477
2479
2483
2489
2487
2500
2497
2500
2491
2502
2508
2514
2495
2507
2509
2502
2505
2495
2509
2503
2502
2508
2505
2508
2502
2507
2512
2503
2498
2505
2504
2496
2508
2497
2491
2497
2489
2492
2504
2491
2487
2491
2491
2500
2487
2486
2489
2496
2500
2505
2505
2502
2495
2502
2504
2496
2494
2497
2491
2494
2505
2495
2509
2508
2507
2513
2512
2510
2523
2510
2509
2510
2510
2510
2510
2519
2518
2511
2515
2519
2515
2513
2516
2518
2514
2508
2524
2521
2509
2515
2509
2516
2516
2518
2521
2518
2518
2509
2518
2509
2511
2513
2515
2518
2518
2513
2510
2513
2510
2513
2510
2513
2515
2509
2513
2514
2510
2512
2502
2508
2504
2508
2492
2506
2489
2479
2494
2477
2488
2470
2479
2476
2463
2472
2459
2463
2460
2454
2454
2447
2451
2439
2433
2414
2425
2418
2406
2395
2386
2388
2371
2359
2349
2346
2329
2310
2312
2295
2288
2276
2265
2262
2253
2233
2222
2214
2201
2179
2177
2163
2156
2140
2134
2124
2108
2091
2092
2081
2067
2061
2062
2057
2056
2051
2053
2052
2052
2043
2045
2041
2041
2039
2044
2038
2036
2035
2040
2039
2045
2070
2070
2086
2092
2095
2105
2103
2118
2131
2125
2135
2141
2151
2168
2163
2176
2185
2183
2193
2204
2214
2216
2214
2221
2221
2227
2241
2241
2241
2241
2239
2246
2257
2256
2244
2243
2243
2238
2222
2214
2204
2187
2168
2149
2111
2099
2077
2073
2056
2035
2011
2009
1984
1971
1948
1937
1918
1906
1894
1892
1884
1880
1883
1892
1913
1921
1937
1956
1970
1979
1993
1987
1994
1991
1996
1987
1990
1984
1963
1950
1964
1927
1923
1910
1897
1883
1878
1851
1853
1826
1826
1811
1811
1814
1817
1814
1817
1819
1844
1867
1892
1922
1945
1979
2018
2046
2076
2118
2168
2183
2207
2233
2272
2290
2310
2342
2372
2400
2409
2425
2444
2457
2467
2486
2508
2518
2524
2525
2545
2541
2558
2568
2579
2577
2588
2587
2598
2596
2600
2599
2608
2610
2599
2608
2609
2605
2617
2641
2614
2615
2630
2614
2606
2617
2622
2627
2626
2628
2619
2628
2619
2607
2598
2601
2599
2593
2573
2563
2567
2561
2541
2545
2545
2529
2532
2529
2521
2511
2528
2510
2510
2513
2502
2487
2489
2473
2472
2468
2454
2445
2428
2415
2415
2414
2418
2432
2399
2407
2397
2397
2393
2400
2393
2393
2393
2374
2382
2374
2383
2387
2388
2386
2381
2386
2395
2403
2402
2403
2404
2406
2415
2413
2423
2430
2450
2466
2467
2478
2492
2491
2491
2505
2513
2519
2534
2537
2527
2547
2542
2557
2561
2560
2563
2573
2588
2579
2583
2585
2589
2589
2598
2601
2611
2605
2604
2596
2612
2606
2605
2611
2611
2625
2615
2617
2619
2632
2624
2619
2633
2620
2624
2628
2625
2640
2636
2641
2635
2641
2636
2630
2619
2619
2623
2615
2614
2614
2617
2617
2620
2611
2611
2609
2595
2594
2596
2579
2566
2555
2566
2555
2550
2556
2541
2523
2523
2510
2515
2502
2494
2488
2486
2489
2461
2445
2449
2464
2467
2470
2451
2451
2440
2449
2438
2423
2419
2430
2425
2406
2398
2393
2391
2390
2392
2386
2377
2385
2387
2386
2375
2390
2385
2376
2374
2359
2374
2371
2379
2369
2368
2362
2369
2362
2368
2361
2361
2369
2368
2369
2372
2376
2380
2372
2378
2374
2383
2377
2388
2374
2381
2394
2390
2393
2393
2398
2406
2403
2399
2412
2406
2418
2406
2422
2419
2417
2422
2419
2422
2428
2422
2425
2423
2427
2432
2433
2436
2428
2444
2430
2438
2430
2423
2435
2427
2427
2432
2431
2440
2423
2431
2430
2432
2429
2433
2422
2433
2428
2414
2419
2419
2414
2422
2412
2414
2418
2418
2413
2416
2416
2413
2412
2417
2406
2406
2403
2396
2403
2404
2397
2400
2395
2400
2403
2390
2390
2400
2375
2392
2387
2387
2377
2380
2367
2367
2376
2374
2367
2372
2372
2371
2369
2372
2363
2372
2363
2372
2369
2367
2372
2364
2377
2367
2364
2364
2372
2367
2368
2372
2364
2369
2367
2368
2376
2366
2377
2376
2372
2371
2363
2368
2369
2368
2374
2377
2377
2372
2369
2372
2374
2380
2381
2374
2379
2386
2386
2382
2392
2391
2383
2390
2383
2381
2385
2377
2374
2377
2384
2374
2374
2377
2374
2372
2368
2359
2359
2358
2353
2352
2345
2339
2338
2333
2338
2326
2321
2323
2318
2310
2305
2312
2316
2312
2294
2305
2291
2286
2286
2275
2272
2273
2269
2252
2257
2244
2241
2248
2235
2230
2220
2217
2214
2212
2203
2201
2189
2194
2182
2182
2181
2167
2171
2167
2169
2167
2163
2157
2151
2150
2147
2146
2136
2131
2120
2112
2094
2097
2075
2062
2055
2056
2039
2033
2023
2022
2022
2011
2009
2011
2009
2007
2011
2011
2006
2002
1990
1993
1983
1988
1977
1974
1956
1950
1945
1928
1918
1924
1923
1913
1910
1902
1907
1907
1910
1920
1924
1939
1939
1960
1966
1985
2001
2016
2024
2047
2065
2084
2100
2115
2137
2134
2157
2171
2246
2329
2200
2253
2225
2243
2254
2278
2300
2295
2289
2319
2300
2302
2345
2379
2400
2409
2444
2444
2468
2489
2486
2542
2569
2577
2587
2636
2628
2685
2706
2716
2733
2735
2711
2679
2688
2606
2651
2688
2637
2636
2622
2575
2550
2619
2596
2600
2598
2583
2591
2675
2700
2674
2650
2679
2675
2630
2614
2589
2542
2525
2505
2500
2493
2470
2454
2447
2461
2457
2422
2418
2401
2384
2363
2358
2326
2306
2290
2278
2253
2241
2248
2203
2189
2180
2169
2171
2150
2102
2120
2096
2070
2050
2054
2035
2038
2028
2018
2019
2002
1990
1979
1975
1965
1964
1976
1983
1987
2003
2002
1991
2007
2026
2057
2055
2050
2062
2084
2099
2112
2125
2131
2141
2163
2185
2204
2217
2233
2259
2264
2275
2297
2294
2302
2310
2331
2349
2368
2377
2396
2411
2422
2436
2459
2488
2534
2561
2546
2534
2555
2544
2523
2510
2500
2489
2487
2483
2478
2504
2510
2511
2514
2523
2540
2552
2542
2524
2509
2508
2491
2496
2486
2483
2479
2486
2477
2488
2491
2478
2467
2476
2473
2476
2488
2471
2476
2461
2468
2459
2461
2466
2464
2459
2463
2470
2473
2468
2470
2473
2460
2473
2470
2484
2476
2482
2470
2482
2489
2486
2483
2488
2486
2489
2488
2486
2484
2483
2478
2483
2489
2489
2489
2492
2493
2486
2477
2481
2491
2500
2491
2500
2500
2489
2497
2504
2495
2497
2505
2513
2508
2503
2510
2515
2520
2518
2523
2523
2526
2532
2534
2534
2545
2540
2539
2539
2534
2544
2544
2540
2542
2540
2545
2547
2544
2537
2536
2537
2529
2534
2536
2536
2534
2525
2528
2519
2528
2510
2510
2508
2509
2514
2513
2505
2509
2515
2508
2512
2502
2509
2502
2500
2509
2513
2502
2510
2509
2511
2514
2508
2509
2503
2520
2515
2515
2515
2521
2523
2521
2510
2518
2509
2525
2518
2511
2509
2522
2524
2509
2510
2524
2530
2511
2524
2529
2528
2525
2533
2530
2518
2524
2520
2528
2523
2518
2514
2515
2515
2508
2509
2515
2512
2508
2502
2514
2502
2505
2508
2495
2489
2495
2491
2487
2498
2486
2489
2489
2492
2489
2488
2483
2471
2470
2481
2466
2461
2468
2463
2447
2451
2444
2441
2441
2441
2425
2419
2406
2395
2393
2380
2366
2358
2361
2353
2339
2345
2340
2331
2310
2310
2301
2301
2285
2275
2274
2259
2257
2231
2233
2204
2189
2174
2166
2153
2146
2130
2129
2118
2116
2102
2098
2098
2094
2084
2083
2083
2075
2089
2092
2096
2094
2105
2107
2124
2125
2134
2141
2155
2167
2166
2180
2171
2179
2177
2179
2179
2189
2200
2200
2211
2203
2205
2212
2214
2207
2221
2227
2222
2227
2217
2220
2207
2217
2195
2195
2174
2159
2153
2129
2107
2104
2073
2056
2029
2009
2010
1991
1974
1968
1947
1939
1933
1926
1916
1908
1905
1897
1890
1890
1883
1874
1870
1868
1863
1865
1862
1856
1841
1833
1817
1809
1798
1785
1769
1755
1736
1739
1720
1716
1702
1691
1691
1683
1672
1649
1650
1673
1676
1663
1665
1660
1676
1678
1677
1704
1718
1755
1789
1828
1862
1916
1947
1996
2040
2079
2118
2163
2205
2253
2289
2333
2350
2381
2406
2440
2465
2486
2508
2515
2544
2562
2567
2592
2591
2605
2630
2643
2656
2653
2651
2653
2660
2663
2665
2668
2669
2663
2678
2670
2672
2681
2662
2665
2672
2673
2675
2681
2670
2673
2665
2659
2653
2651
2657
2637
2641
2633
2619
2625
2608
2598
2590
2594
2574
2566
2569
2579
2562
2550
2535
2509
2495
2507
2505
2495
2496
2483
2482
2493
2489
2481
2468
2464
2459
2445
2449
2423
2445
2432
2413
2419
2412
2397
2402
2412
2392
2382
2384
2393
2374
2373
2385
2400
2397
2397
2387
2388
2377
2387
2397
2406
2406
2406
2411
2413
2411
2432
2428
2428
2428
2425
2427
2441
2448
2452
2450
2456
2464
2468
2470
2478
2494
2500
2502
2513
2520
2518
2527
2540
2540
2547
2545
2541
2553
2555
2563
2566
2572
2566
2572
2582
2582
2592
2596
2594
2591
2591
2601
2609
2598
2593
2608
2608
2606
2604
2609
2601
2601
2605
2610
2598
2603
2598
2596
2603
2589
2594
2594
2588
2595
2582
2583
2579
2574
2574
2566
2582
2566
2579
2574
2569
2557
2561
2550
2560
2556
2541
2556
2547
2542
2550
2541
2564
2546
2534
2532
2531
2513
2509
2515
2500
2503
2486
2478
2470
2484
2472
2459
2459
2454
2441
2433
2423
2415
2417
2404
2387
2390
2403
2407
2402
2390
2375
2380
2385
2381
2367
2361
2350
2358
2343
2349
2344
2335
2337
2338
2326
2321
2326
2323
2321
2311
2315
2311
2316
2311
2310
2308
2310
2310
2305
2310
2307
2320
2310
2322
2323
2329
2323
2336
2332
2317
2332
2335
2335
2340
2345
2356
2354
2349
2354
2355
2355
2364
2361
2361
2358
2364
2364
2361
2371
2363
2362
2375
2369
2372
2377
2376
2366
2369
2366
2377
2379
2380
2386
2367
2372
2367
2371
2367
2380
2377
2372
2367
2375
2384
2374
2366
2374
2366
2380
2377
2382
2386
2367
2382
2380
2385
2375
2367
2363
2375
2372
2367
2377
2374
2369
2367
2361
2359
2363
2366
2374
2367
2368
2371
2359
2369
2368
2361
2361
2365
2359
2366
2368
2372
2372
2381
2385
2377
2371
2364
2397
2380
2381
2396
2393
2393
2393
2396
2396
2406
2397
2395
2404
2407
2406
2418
2417
2406
2420
2429
2414
2415
2432
2435
2422
2423
2430
2430
2441
2445
2451
2448
2443
2445
2445
2456
2446
2446
2439
2449
2447
2455
2452
2448
2449
2440
2439
2449
2457
2473
2434
2444
2449
2450
2451
2433
2423
2422
2425
2419
2418
2418
2397
2408
2400
2400
2393
2395
2383
2390
2375
2374
2371
2371
2375
2363
2361
2351
2348
2354
2348
2345
2345
2336
2329
2324
2322
2311
2294
2299
2281
2275
2272
2259
2253
2247
2246
2240
2227
2232
2225
2215
2211
2208
2201
2189
2189
2184
2182
2184
2177
2168
2163
2163
2169
2155
2157
2155
2148
2147
2143
2144
2131
2140
2137
2146
2146
2131
2142
2141
2140
2143
2147
2156
2151
2157
2156
2150
2156
2156
2147
2143
2141
2134
2131
2125
2124
2121
2118
2121
2122
2111
2116
2116
2119
2124
2125
2128
2131
2137
2139
2137
2150
2146
2146
2145
2148
2135
2137
2139
2129
2128
2121
2115
2113
2103
2093
2100
2099
2093
2098
2093
2099
2091
2094
2102
2093
2105
2108
2103
2120
2126
2129
2131
2126
2129
2145
2156
2163
2177
2175
2195
2208
2203
2216
2227
2230
2252
2265
2281
2286
2302
2317
2336
2352
2351
2359
2380
2395
2409
2422
2423
2438
2457
2470
2477
2491
2499
2507
2513
2518
2521
2525
2537
2546
2553
2547
2552
2553
2560
2566
2561
2556
2572
2560
2563
2564
2556
2557
2557
2548
2548
2541
2545
2546
2544
2530
2527
2511
2516
2505
2491
2489
2476
2480
2466
2446
2438
2428
2413
2403
2383
2380
2369
2359
2349
2332
2321
2301
2291
2267
2249
2241
2221
2210
2203
2177
2157
2134
2118
2093
2098
2080
2067
2059
2054
2035
2013
2016
1998
2004
2008
2016
2014
2010
2019
2040
2046
2057
2057
2075
2089
2092
2095
2103
2119
2125
2144
2160
2169
2179
2206
2221
2227
2246
2259
2274
2284
2294
2301
2316
2344
2363
2374
2387
2406
2414
2428
2443
2445
2454
2470
2470
2496
2510
2528
2551
2568
2575
2587
2606
2611
2595
2584
2575
2573
2559
2579
2584
2579
2577
2566
2558
2566
2558
2556
2547
2546
2535
2527
2523
2525
2519
2518
2515
2508
2508
2510
2515
2524
2524
2513
2524
2523
2515
2508
2509
2521
2515
2518
2513
2508
2519
2521
2503
2513
2509
2493
2500
2498
2496
2489
2489
2492
2486
2481
2476
2483
2467
2467
2463
2467
2457
2457
2459
2466
2454
2454
2447
2450
2454
2459
2454
2449
2450
2443
2457
2450
2457
2452
2444
2447
2457
2458
2457
2459
2461
2445
2460
2451
2459
2470
2457
2454
2451
2464
2461
2457
2461
2463
2468
2461
2466
2470
2467
2473
2470
2472
2473
2472
2468
2473
2470
2470
2465
2482
2481
2471
2471
2475
2480
2484
2476
2480
2479
2465
2480
2477
2483
2482
2480
2476
2471
2470
2477
2461
2461
2470
2480
2470
2481
2470
2470
2481
2476
2477
2471
2481
2476
2470
2471
2470
2481
2463
2481
2479
2476
2477
2482
2486
2483
2477
2481
2478
2484
2477
2477
2478
2476
2481
2489
2478
2476
2467
2461
2480
2480
2463
2470
2459
2459
2468
2459
2470
2464
2460
2460
2454
2457
2455
2464
2461
2459
2454
2454
2451
2454
2438
2438
2439
2444
2451
2450
2446
2450
2449
2444
2435
2439
2435
2438
2433
2423
2428
2419
2412
2417
2411
2416
2411
2407
2407
2420
2413
2414
2406
2417
2406
2407
2415
2412
2409
2418
2418
2422
2406
2407
2406
2395
2404
2406
2397
2390
2395
2387
2380
2368
2355
2349
2329
2338
2323
2310
2317
2306
2287
2285
2289
2279
2268
2259
2242
2230
2214
2214
2190
2188
2175
2180
2180
2172
2160
2153
2134
2125
2120
2121
2103
2105
2103
2095
2096
2086
2089
2086
2087
2087
2086
2094
2102
2099
2113
2116
2111
2126
2134
2139
2139
2153
2166
2166
2192
2188
2205
2205
2217
2211
2216
2225
2230
2232
2233
2248
2249
2257
2254
2252
2259
2275
2275
2284
2292
2284
2285
2301
2299
2304
2304
2294
2290
2288
2269
2262
2252
2221
2215
2204
2196
2179
2160
2144
2125
2120
2094
2084
2062
2049
2049
2043
2040
2028
2019
2006
2013
2003
1991
1972
1954
1932
1920
1910
1886
1881
1868
1852
1839
1835
1823
1825
1811
1814
1817
1804
1806
1796
1795
1793
1787
1782
1783
1782
1796
1800
1812
1804
1828
1831
1849
1864
1865
1873
1900
1929
1958
1981
1996
2012
2028
2044
2061
2075
2103
2119
2151
2167
2201
2215
2252
2284
2307
2319
2363
2374
2400
2416
2428
2451
2475
2476
2482
2496
2509
2531
2553
2550
2562
2572
2574
2574
2582
2587
2587
2592
2585
2589
2600
2601
2595
2596
2589
2589
2585
2579
2569
2572
2574
2569
2566
2564
2555
2550
2541
2546
2532
2536
2528
2518
2510
2502
2503
2521
2526
2515
2520
2513
2503
2500
2498
2463
2481
2477
2480
2477
2467
2464
2464
2446
2460
2450
2449
2449
2444
2438
2430
2434
2430
2440
2435
2433
2423
2414
2419
2422
2422
2420
2406
2417
2413
2412
2407
2396
2368
2358
2374
2382
2382
2385
2385
2396
2382
2390
2387
2391
2409
2406
2413
2418
2425
2419
2433
2430
2448
2439
2445
2445
2445
2464
2461
2462
2467
2480
2473
2477
2476
2490
2488
2477
2483
2483
2477
2484
2483
2483
2478
2491
2486
2477
2489
2479
2483
2489
2486
2496
2496
2491
2495
2505
2492
2502
2493
2504
2500
2507
2504
2499
2512
2513
2508
2514
2519
2520
2518
2513
2515
2513
2512
2509
2503
2509
2508
2502
2509
2502
2514
2508
2495
2495
2496
2486
2489
2486
2486
2482
2483
2483
2477
2470
2489
2470
2459
2466
2463
2461
2467
2456
2455
2457
2451
2457
2459
2458
2456
2445
2449
2444
2438
2444
2441
2432
2433
2419
2414
2422
2429
2409
2422
2414
2416
2416
2403
2406
2395
2396
2400
2400
2387
2393
2382
2384
2386
2384
2380
2377
2375
2379
2379
2372
2374
2367
2376
2377
2377
2384
2376
2372
2374
2377
2370
2377
2379
2376
2377
2377
2371
2374
2375
2380
2375
2376
2382
2387
2374
2387
2387
2381
2380
2393
2380
2382
2383
2383
2390
2393
2393
2390
2393
2397
2406
2400
2400
2393
2397
2395
2397
2404
2396
2403
2395
2403
2408
2410
2403
2403
2399
2397
2399
2403
2404
2406
2409
2401
2400
2396
2396
2393
2395
2390
2393
2393
2387
2386
2381
2385
2371
2385
2380
2380
2371
2368
2342
2359
2376
2374
2355
2363
2358
2363
2354
2360
2355
2343
2339
2343
2353
2349
2335
2342
2340
2324
2338
2336
2329
2340
2317
2332
2323
2323
2321
2317
2327
2318
2321
2326
2323
2316
2318
2324
2313
2312
2316
2313
2313
2316
2302
2305
2306
2315
2310
2317
2313
2308
2301
2302
2300
2315
2307
2303
2308
2307
2305
2304
2305
2304
2297
2303
2302
2308
2301
2299
2305
2310
2313
2313
2313
2307
2311
2316
2306
2307
2310
2310
2312
2310
2315
2321
2311
2315
2311
2307
2315
2310
2302
2311
2302
2310
2313
2301
2313
2313
2300
2310
2308
2307
2312
2301
2307
2305
2295
2305
2310
2304
2303
2300
2304
2300
2304
2306
2296
2304
2297
2300
2295
2297
2295
2306
2297
2305
2295
2291
2295
2304
2294
2286
2297
2285
2297
2286
2294
2298
2300
2292
2291
2291
2292
2304
2297
2294
2304
2291
2285
2292
2290
2294
2291
2286
2290
2289
2281
2275
2276
2275
2267
2270
2258
2259
2259
2259
2256
2248
2231
2240
2241
2239
2236
2227
2225
2223
2230
2232
2221
2220
2217
2215
2208
2198
2205
2198
2198
2188
2194
2182
2182
2167
2178
2164
2160
2166
2162
2158
2156
2162
2147
2153
2158
2161
2147
2153
2150
2157
2158
2176
2166
2167
2188
2185
2190
2208
2215
2235
2231
2246
2262
2267
2291
2303
2310
2333
2345
2351
2372
2374
2396
2416
2419
2435
2443
2445
2455
2473
2477
2493
2507
2509
2515
2515
2523
2548
2560
2547
2553
2559
2576
2563
2582
2582
2582
2583
2579
2587
2587
2589
2583
2596
2587
2582
2582
2577
2571
2563
2563
2557
2546
2537
2532
2523
2502
2497
2491
2496
2470
2459
2444
2430
2429
2414
2403
2397
2380
2377
2368
2361
2350
2344
2332
2326
2307
2286
2288
2278
2274
2252
2235
2227
2220
2208
2194
2185
2171
2157
2150
2148
2139
2130
2107
2102
2099
2097
2093
2089
2075
2067
2067
2081
2070
2073
2071
2081
2086
2095
2102
2106
2118
2132
2129
2135
2146
2156
2156
2163
2177
2195
2203
2199
2219
2222
2232
2223
2239
2259
2265
2269
2286
2307
2320
2323
2333
2339
2372
2377
2385
2395
2400
2414
2430
2444
2449
2467
2473
2477
2505
2518
2538
2530
2523
2523
2537
2532
2530
2525
2524
2528
2530
2523
2513
2499
2489
2480
2463
2468
2460
2470
2465
2472
2460
2476
2473
2476
2476
2463
2476
2475
2467
2468
2457
2459
2457
2460
2464
2454
2454
2451
2449
2438
2430
2436
2423
2432
2413
2406
2397
2402
2393
2382
2380
2374
2379
2370
2373
2363
2363
2367
2358
2360
2354
2350
2358
2353
2358
2354
2350
2348
2342
2344
2347
2340
2339
2349
2339
2342
2348
2348
2353
2345
2350
2342
2348
2339
2348
2356
2350
2349
2347
2350
2351
2351
2353
2358
2358
2359
2368
2359
2376
2363
2380
2377
2374
2358
2371
2380
2375
2380
2382
2382
2382
2381
2396
2384
2387
2374
2383
2390
2397
2393
2390
2397
2391
2395
2395
2393
2395
2395
2395
2404
2404
2404
2404
2404
2397
2408
2393
2393
2397
2412
2403
2390
2397
2406
2412
2416
2407
2399
2412
2414
2413
2413
2428
2432
2433
2423
2428
2423
2427
2423
2419
2432
2430
2430
2435
2430
2430
2423
2429
2423
2435
2432
2427
2433
2433
2432
2425
2415
2425
2428
2425
2422
2432
2430
2430
2428
2430
2428
2433
2435
2433
2435
2435
2442
2436
2428
2436
2433
2441
2433
2427
2430
2436
2430
2432
2435
2442
2429
2438
2428
2430
2438
2438
2435
2438
2435
2431
2431
2441
2444
2435
2445
2435
2444
2441
2444
2449
2451
2446
2445
2446
2451
2449
2457
2449
2451
2446
2451
2451
2454
2449
2445
2457
2445
2457
2451
2448
2446
2441
2441
2444
2435
2422
2428
2413
2416
2412
2399
2406
2404
2400
2393
2391
2390
2382
2384
2386
2366
2363
2369
2369
2358
2359
2361
2342
2342
2339
2340
2340
2331
2336
2332
2340
2329
2329
2321
2313
2308
2303
2300
2295
2305
2305
2294
2297
2291
2286
2295
2286
2289
2291
2288
2291
2279
2283
2275
2283
2279
2281
2284
2284
2271
2279
2280
2289
2286
2291
2291
2297
2300
2301
2310
2307
2320
2313
2310
2310
2323
2310
2323
2321
2317
2323
2316
2316
2318
2316
2311
2310
2310
2307
2305
2294
2285
2285
2279
2268
2265
2254
2241
2236
2224
2204
2194
2175
2161
2135
2118
2110
2093
2083
2067
2055
2049
2039
2041
2033
2033
2035
2041
2043
2038
2041
2038
2041
2034
2033
2038
2030
2027
2030
2015
2018
2003
1997
1990
1987
1975
1966
1958
1954
1944
1938
1915
1918
1900
1899
1890
1883
1875
1883
1871
1876
1880
1875
1889
1894
1903
1913
1919
1934
1960
1977
1987
2011
2031
2049
2061
2083
2079
2093
2103
2120
2126
2148
2163
2169
2185
2201
2227
2251
2259
2284
2306
2318
2331
2363
2374
2400
2403
2414
2433
2438
2445
2459
2473
2479
2505
2500
2502
2515
2521
2515
2525
2534
2546
2540
2548
2535
2544
2542
2541
2545
2525
2526
2532
2524
2521
2508
2497
2494
2488
2478
2477
2482
2473
2467
2457
2450
2448
2438
2430
2440
2441
2418
2422
2433
2423
2415
2427
2422
2427
2413
2414
2430
2441
2415
2427
2425
2432
2431
2436
2440
2430
2443
2445
2441
2449
2445
2446
2438
2451
2445
2450
2423
2432
2433
2422
2417
2406
2404
2406
2406
2408
2395
2387
2388
2377
2369
2369
2351
2369
2358
2349
2342
2345
2353
2361
2363
2355
2350
2377
2374
2385
2377
2374
2363
2374
2365
2368
2374
2387
2397
2411
2412
2413
2422
2419
2430
2443
2438
2444
2445
2438
2461
2459
2466
2478
2462
2480
2471
2486
2479
2495
2497
2497
2504
2499
2503
2518
2519
2528
2530
2528
2530
2530
2521
2518
2524
2523
2521
2511
2508
2514
2508
2509
2512
2494
2505
2500
2505
2491
2483
2481
2472
2472
2464
2459
2454
2451
2450
2443
2435
2433
2422
2406
2416
2413
2395
2406
2390
2387
2392
2387
2386
2387
2387
2382
2382
2380
2380
2380
2380
2376
2388
2375
2385
2380
2390
2386
2381
2374
2387
2381
2385
2390
2381
2396
2381
2390
2388
2400
2387
2400
2402
2387
2393
2395
2393
2390
2393
2393
2382
2382
2382
2381
2381
2381
2375
2371
2375
2376
2376
2381
2375
2363
2368
2364
2359
2355
2360
2359
2356
2358
2358
2350
2358
2350
2349
2350
2354
2348
2340
2345
2345
2348
2342
2342
2343
2342
2353
2349
2353
2345
2348
2355
2355
2356
2343
2353
2361
2355
2355
2372
2359
2365
2361
2365
2377
2366
2376
2374
2374
2376
2381
2374
2380
2380
2367
2375
2376
2384
2379
2375
2384
2375
2375
2381
2387
2385
2385
2387
2392
2383
2387
2381
2383
2383
2395
2387
2395
2387
2395
2404
2396
2400
2402
2395
2397
2403
2404
2399
2409
2404
2406
2413
2418
2409
2414
2407
2412
2413
2412
2422
2414
2425
2414
2419
2414
2414
2419
2423
2414
2415
2417
2415
2414
2419
2423
2413
2419
2415
2415
2425
2416
2412
2409
2422
2407
2412
2406
2413
2419
2409
2412
2418
2414
2406
2413
2403
2411
2412
2413
2414
2407
2395
2404
2395
2404
2402
2400
2397
2396
2396
2400
2393
2393
2391
2395
2397
2382
2400
2390
2387
2400
2387
2392
2397
2397
2390
2390
2390
2400
2397
2390
2390
2393
2391
2382
2404
2391
2400
2396
2400
2395
2396
2395
2395
2400
2397
2395
2402
2397
2397
2404
2403
2397
2403
2403
2403
2413
2403
2406
2415
2414
2415
2422
2432
2429
2414
2430
2440
2433
2431
2442
2431
2430
2444
2444
2444
2435
2440
2439
2441
2450
2439
2438
2444
2438
2435
2443
2431
2430
2431
2428
2440
2427
2428
2419
2432
2433
2424
2386
2459
2433
2440
2407
2415
2415
2424
2412
2407
2411
2406
2397
2403
2382
2398
2381
2385
2381
2363
2363
2351
2355
2348
2327
2328
2320
2310
2294
2288
2276
2257
2238
2227
2225
2203
2194
2193
2172
2157
2155
2147
2129
2124
2113
2107
2099
2089
2089
2073
2064
2052
2039
2035
2030
2022
2015
2006
1997
2000
1977
1992
1979
1980
1977
1971
1965
1965
1980
1984
1993
1996
2009
2007
2003
2028
2035
2046
2047
2076
2077
2094
2118
2115
2140
2157
2177
2194
2203
2222
2244
2265
2269
2287
2299
2316
2331
2333
2349
2363
2381
2379
2406
2406
2418
2427
2423
2440
2459
2464
2467
2477
2497
2497
2516
2525
2537
2542
2562
2569
2573
2588
2593
2598
2606
2614
2635
2631
2637
2647
2656
2671
2681
2680
2697
2683
2701
2703
2713
2716
2716
2722
2715
2713
2729
2728
2710
2707
2722
2717
2719
2717
2724
2707
2701
2697
2691
2684
2674
2655
2643
2641
2624
2604
2590
2579
2558
2546
2524
2508
2483
2470
2451
2425
2383
2368
2332
2312
2286
2253
2220
2195
2173
2147
2134
2102
2079
2062
2065
2040
2022
2006
1995
1990
1979
1974
1957
1961
1971
1980
1982
1985
1993
1983
2002
1998
2006
2016
2020
2020
2030
2031
2041
2052
2059
2063
2079
2093
2102
2120
2125
2140
2160
2167
2177
2188
2190
2208
2214
2225
2222
2230
2256
2255
2267
2274
2284
2291
2294
2301
2305
2319
2339
2335
2361
2355
2376
2387
2374
2382
2388
2395
2390
2416
2413
2418
2432
2433
2441
2439
2441
2444
2427
2444
2441
2428
2423
2428
2415
2423
2415
2417
2414
2403
2409
2416
2404
2395
2397
2400
2383
2390
2386
2382
2376
2377
2376
2376
2369
2361
2368
2364
2355
2361
2350
2343
2350
2349
2349
2334
2348
2347
2342
2335
2333
2340
2339
2333
2340
2342
2342
2332
2339
2352
2345
2345
2348
2350
2348
2358
2349
2358
2358
2358
2358
2363
2358
2361
2372
2367
2361
2369
2382
2367
2383
2371
2376
2385
2388
2390
2387
2393
2400
2393
2404
2395
2391
2409
2397
2402
2403
2404
2411
2399
2418
2418
2418
2415
2422
2422
2422
2413
2418
2422
2420
2425
2425
2414
2413
2419
2427
2422
2433
2436
2431
2436
2441
2438
2450
2446
2445
2443
2446
2449
2445
2461
2454
2466
2468
2470
2475
2471
2476
2489
2476
2488
2491
2489
2497
2493
2496
2491
2503
2502
2513
2503
2491
2504
2497
2491
2491
2483
2489
2467
2468
2465
2464
2446
2441
2439
2441
2416
2412
2402
2381
2380
2377
2358
2342
2323
2307
2297
2286
2275
2266
2246
2233
2215
2189
2182
2167
2171
2173
2184
2198
2201
2226
2217
2215
2231
2244
2230
2236
2233
2230
2216
2208
2191
2188
2171
2169
2178
2182
2177
2174
2200
2195
2194
2200
2195
2205
2220
2232
2241
2248
2258
2269
2291
2297
2306
2310
2321
2329
2326
2329
2323
2336
2348
2355
2349
2356
2343
2353
2348
2342
2319
2363
2363
2361
2355
2342
2359
2353
2361
2351
2359
2377
2374
2380
2381
2381
2388
2387
2387
2395
2395
2406
2414
2419
2422
2419
2426
2436
2441
2429
2430
2428
2444
2439
2449
2460
2451
2446
2450
2444
2439
2438
2441
2436
2433
2428
2413
2411
2413
2408
2399
2395
2400
2390
2391
2396
2402
2400
2396
2397
2403
2406
2409
2409
2418
2413
2416
2399
2413
2413
2417
2413
2406
2407
2418
2409
2400
2395
2397
2387
2395
2390
2382
2385
2384
2392
2381
2371
2380
2384
2375
2382
2382
2384
2388
2385
2390
2385
2387
2384
2374
2380
2375
2376
2381
2386
2384
2390
2388
2383
2381
2385
2381
2386
2390
2400
2393
2390
2395
2397
2398
2404
2398
2407
2406
2419
2412
2413
2412
2417
2420
2413
2419
2418
2399
2418
2423
2433
2423
2422
2419
2423
2422
2425
2430
2419
2428
2425
2413
2419
2428
2419
2422
2425
2422
2422
2413
2411
2406
2414
2416
2416
2418
2425
2416
2411
2419
2416
2409
2417
2406
2409
2433
2414
2406
2403
2418
2425
2422
2424
2425
2415
2427
2430
2422
2427
2419
2424
2422
2423
2430
2433
2433
2430
2423
2422
2440
2429
2427
2430
2432
2428
2415
2422
2422
2426
2422
2422
2415
2418
2422
2414
2425
2414
2425
2416
2418
2409
2409
2399
2416
2409
2403
2397
2400
2404
2400
2390
2392
2381
2387
2390
2387
2379
2377
2386
2380
2384
2385
2379
2374
2374
2372
2366
2378
2367
2369
2363
2367
2374
2374
2376
2380
2380
2384
2386
2387
2382
2386
2392
2387
2386
2390
2396
2400
2383
2395
2396
2400
2395
2396
2393
2396
2397
2394
2391
2400
2406
2396
2405
2395
2402
2397
2406
2404
2406
2402
2397
2398
2395
2402
2400
2396
2397
2391
2387
2393
2395
2387
2391
2381
2387
2393
2383
2387
2393
2382
2395
2382
2385
2382
2384
2388
2381
2379
2381
2384
2375
2375
2376
2381
2384
2377
2382
2393
2367
2386
2380
2390
2375
2381
2375
2374
2388
2386
2387
2381
2388
2375
2386
2385
2380
2388
2387
2382
2375
2385
2375
2385
2384
2375
2390
2374
2381
2381
2384
2380
2381
2386
2390
2386
2388
2379
2379
2382
2384
2383
2385
2384
2374
2372
2381
2375
2372
2372
2374
2361
2367
2372
2358
2359
2371
2376
2363
2371
2368
2363
2358
2369
2363
2369
2355
2363
2350
2363
2355
2358
2364
2361
2363
2365
2358
2359
2363
2363
2361
2361
2361
2358
2354
2358
2355
2355
2361
2358
2351
2358
2363
2358
2363
2349
2358
2368
2361
2358
2355
2359
2361
2361
2364
2368
2363
2363
2369
2365
2363
2358
2368
2365
2363
2368
2358
2372
2358
2365
2363
2376
2372
2370
2359
2363
2367
2370
2371
2363
2376
2376
2364
2380
2344
2390
2367
2371
2371
2384
2367
2372
2366
2380
2372
2372
2372
2363
2368
2363
2365
2369
2365
2367
2374
2379
2384
2372
2380
2380
2374
2363
2372
2363
2377
2374
2367
2376
2377
2380
2374
2374
2386
2380
2367
2381
2376
2377
2367
2374
2371
2371
2384
2363
2377
2375
2367
2385
2384
2380
2384
2371
2377
2385
2380
2375
2379
2380
2386
2376
2381
2387
2384
2371
2379
2380
2385
2374
2386
2377
2367
2386
2380
2388
2380
2386
2380
2386
2377
2367
2380
2384
2384
2378
2375
2376
2376
2380
2384
2390
2380
2371
2377
2387
2375
2379
2374
2384
2371
2371
2367
2369
2380
2375
2376
2381
2377
2377
2375
2387
2381
2382
2375
2384
2386
2382
2382
2384
2374
2375
2374
2374
2386
2380
2380
2384
2380
2382
2374
2374
2382
2385
2387
2382
2381
2384
2374
2388
2382
2374
2384
2386
2375
2377
2387
2385
2390
2382
2386
2388
2383
2387
2385
2393
2382
2381
2386
2375
2377
2381
2383
2381
2381
2380
2382
2384
2387
2375
2386
2382
2390
2375
2380
2392
2387
2384
2381
2380
2382
2385
2381
2377
2379
2385
2384
2387
2385
2380
2380
2387
2380
2374
2380
2374
2387
2374
2381
2381
2385
2382
2385
2382
2382
2385
2385
2381
2387
2381
2383
2387
2377
2374
2374
2387
2367
2375
2381
2379
2384
2377
2375
2381
2367
2377
2375
2371
2377
2374
2380
2380
2377
2374
2377
2375
2371
2376
2367
2376
2376
2372
2378
2372
2373
2374
2377
2374
2377
2377
2371
2367
2379
2374
2379
2377
2388
2375
2376
2374
2374
2379
2375
2381
2385
2381
2377
2386
2380
2380
2375
2374
2385
2375
2380
2379
2380
2384
2380
2374
2377
2377
2377
2384
2384
2377
2367
2374
2373
2382
2385
2376
2374
2375
2384
2375
2367
2379
2372
2376
2367
2371
2366
2380
2372
2377
2377
2369
2374
2367
2379
2371
2380
2380
2374
2366
2377
2374
2379
2372
2374
2367
2376
2367
2371
2376
2371
2366
2372
2367
2372
2367
2375
2379
2369
2369
2368
2378
2374
2367
2372
2372
2371
2369
2375
2371
2375
2376
2366
2367
2380
2367
2367
2366
2363
2369
2377
2363
2367
2377
2374
2377
2371
2372
2371
2377
2377
2377
2377
2378
2372
2371
2379
2374
2377
2377
2367
2376
2372
2367
2375
2375
2374
2375
2379
2377
2379
2375
2377
2386
2380
2374
2377
2387
2377
2387
2387
2374
2377
2374
2377
2385
2374
2374
2387
2388
2386
2385
2382
2374
2375
2388
2380
2380
2380
2379
2381
2381
2382
2375
2376
2375
2380
2374
2375
2372
2376
2390
2374
2384
2377
2379
2383
2379
2367
2379
2377
2367
2368
2367
2372
2372
2369
2374
2367
2374
2376
2371
2371
2376
2371
2369
2377
2367
2379
2374
2371
2367
2377
2385
2386
2376
2367
2375
2380
2376
2384
2384
2379
2384
2371
2375
2375
2376
2377
2367
2376
2376
2385
2380
2375
2376
2377
2374
2375
2376
2374
2376
2380
2386
2384
2386
2377
2380
2377
2385
2374
2374
2374
2380
2381
2380
2371
2381
2386
2377
2374
2374
2386
2385
2374
2380
2381
2381
2384
2379
2386
2390
2383
2387
2384
2386
2375
2386
2379
2382
2380
2381
2384
2387
2385
2379
2367
2388
2386
2377
2379
2374
2374
2374
2371
2381
2371
2384
2375
2380
2367
2375
2377
2375
2371
2371
2374
2374
2374
2381
2377
2375
2379
2377
2374
2384
2377
2367
2374
2376
2367
2376
2380
2377
2378
2380
2371
2358
2381
2380
2385
2374
2377
2374
2367
2367
2379
2374
2379
2377
2367
2380
2376
2377
2374
2377
2376
2374
2376
2376
2379
2367
2374
2374
2376
2377
2367
2380
2377
2381
2379
2374
2376
2374
2374
2376
2374
2377
2367
2371
2377
2367
2374
2374
2372
2374
2366
2374
2377
2374
2376
2371
2384
2380
2385
2379
2381
2382
2379
2382
2377
2376
2375
2375
2381
2367
2380
2387
2384
2379
2386
2381
2387
2375
2375
2382
2381
2381
2384
2379
2381
2386
2377
2377
2384
2377
2385
2384
2380
2377
2371
2377
2371
2380
2374
2378
2375
2380
2380
2377
2380
2367
2380
2366
2376
2377
2375
2374
2371
2366
2377
2380
2377
2378
2377
2375
2379
2363
2386
2376
2376
2376
2372
2374
2374
2371
2381
2376
2372
2374
2366
2371
2367
2372
2377
2374
2367
2381
2385
2377
2379
2374
2380
2377
2379
2372
2377
2377
2374
2376
2371
2387
2380
2380
2377
2372
2377
2371
2380
2371
2377
2376
2367
2376
2372
2363
2374
2368
2376
2375
2374
2367
2371
2377
2374
2376
2374
2377
2366
2371
2374
2367
2377
2374
2374
2371
2377
2367
2374
2363
2374
2366
2377
2376
2379
2371
2376
2380
2377
2372
2372
2372
2367
2367
2370
2377
2365
2385
2372
2371
2371
2367
2372
2379
2372
2380
2377
2375
2367
2376
2376
2377
2378
2372
2377
2372
2374
2379
2367
2380
2379
2377
2372
2377
2371
2377
2372
2376
2379
2366
2374
2374
2374
2380
2379
2372
2367
2372
2372
2377
2377
2376
2371
2365
2367
2377
2363
2377
2379
2380
2374
2380
2371
2376
2369
2380
2374
2380
2371
2372
2367
2379
2379
2374
2377
2377
2377
2381
2374
2376
2377
2386
2377
2377
2377
2367
2374
2367
2374
2377
2371
2371
2374
2380
2365
2374
2367
2374
2376
2375
2375
2367
2371
2367
2368
2377
2376
2380
2367
2377
2374
2371
2377
2377
2369
2378
2367
2379
2376
2376
2376
2367
2380
2374
2374
2363
2367
2376
2371
2380
2380
2379
2379
2374
2380
2380
2374
2377
2379
2375
2380
2371
2376
2376
2374
2374
2367
2367
2377
2376
2385
2381
2367
2377
2375
2387
2375
2377
2380
2374
2380
2374
2377
2377
2388
2374
2379
2381
2377
2385
2371
2375
2380
2377
2377
2377
2374
2366
2377
2377
2371
2377
2377
2369
2377
2371
2365
2369
2367
2377
2376
2374
2375
2372
2376
2378
2366
2371
2359
2372
2371
2369
2366
2372
2358
2369
2358
2368
2377
2363
2376
2372
2363
2370
2376
2367
2377
2373
2367
2367
2376
2370
2366
2377
2377
2380
2366
2374